	SID	Adult	Side	GruopID	Posit_ctrl	Neg_ctrl	Test	biol_fath	biol_moth	fost_fath	fost_moth	MaleID	FemaleID	S1	S2	S3	S4	S5	S6	S9	S10	S12	S15	S16	S17	S18	S19	S23	S24	S26	S28	S29	S34	S35	S37	S39	S40	S42	S43	S48	S49	S50	S52	Set1	Set2	Set3	Set4	date
A001	S	Male	Ventral	MV	0	1	0	1	1	1	1	605	1	0	0	1	0	0	1	0	0	0	0	0	0	0	0	0	0	0	0	0	0	0	0	0	1	0	0	0	0	0	0	6	40	6	6	7/3/2022
A002	S	Male	Dorsal	MD	0	0	1	1	1	1	1	235	1	0	0	0	0	0	0	0	0	0	0	0	0	0	0	0	1	0	0	0	0	0	0	0	0	0	0	0	0	0	0	24	24	24	24	9/3/2022
A003	S	Female	Dorsal	FD	0	0	1	1	1	1	1	1	642	0	0	0	1	0	0	0	0	0	0	0	0	0	0	0	0	0	0	0	0	0	0	0	0	0	0	0	0	0	0	4	4	4	4	7/3/2022
A004	S	Female	Ventral	FV	1	1	0	1	1	1	1	1	501	0	0	0	0	0	0	1	1	0	0	0	0	0	0	0	0	0	0	0	0	0	0	0	0	0	0	0	0	0	0	9	10	9	9	9/3/2022
A005	S	Male	Dorsal	MD	1	0	1	1	1	1	1	715	1	0	0	0	0	1	0	0	0	0	0	0	0	0	0	0	0	1	0	0	0	0	0	0	0	0	0	0	0	0	0	5	26	5	5	7/3/2022
A006	S	Male	Dorsal	MD	0	0	1	1	1	1	1	620	1	0	0	0	1	0	0	0	0	0	0	0	0	0	0	0	0	0	0	0	0	0	0	0	0	0	0	0	0	0	0	4	4	4	4	7/3/2022
A007	S	Male	Ventral	MV	0	0	1	1	1	1	1	405	1	0	0	0	0	0	0	0	0	0	0	0	0	0	0	0	0	0	1	0	0	0	0	0	0	0	0	0	0	0	0	28	28	28	28	9/3/2022
A009	S	Male	Dorsal	MD	0	0	1	1	1	1	1	405	1	0	0	0	0	0	0	0	0	0	0	0	0	0	0	0	0	0	1	0	0	0	0	0	0	0	0	0	0	0	0	28	28	28	28	9/3/2022
A010	S	Male	Ventral	MV	1	1	1	1	1	1	1	678	1	1	1	0	0	0	0	0	0	0	0	0	0	0	0	0	0	0	0	0	0	0	0	0	0	0	0	1	0	0	1	1	2	48	52	7/3/2022
A011a	d	Female	Ventral	FV	0	0	1	1	1	1	1	1	642	0	0	0	1	0	0	0	0	0	0	0	0	0	0	0	0	0	0	0	0	0	0	0	0	0	0	0	0	0	0	4	4	4	4	7/3/2022
A011b	d	Female	Ventral	FV	0	0	1	1	1	1	1	1	642	0	0	0	1	0	0	0	0	0	0	0	0	0	0	0	0	0	0	0	0	0	0	0	0	0	0	0	0	0	0	4	4	4	4	7/3/2022
A012	S	Female	Dorsal	FD	1	0	0	1	1	1	1	1	650	0	0	0	0	1	0	0	0	0	0	0	0	0	0	0	0	0	0	0	0	0	0	0	0	0	0	0	0	0	0	5	5	5	5	7/3/2022
A013	S	Male	Ventral	MV	1	0	1	1	1	1	1	715	1	0	0	0	0	1	0	0	0	0	0	0	0	0	0	0	0	1	0	0	0	0	0	0	0	0	0	0	0	0	0	5	26	5	5	7/3/2022
A014	S	Male	Dorsal	MD	1	1	1	1	1	1	1	678	1	1	1	0	0	0	0	0	0	0	0	0	0	0	0	0	0	0	0	0	0	0	0	0	0	0	0	1	0	0	1	1	2	48	52	7/3/2022
A015	S	Female	Ventral	FV	1	0	0	1	1	1	1	1	650	0	0	0	0	1	0	0	0	0	0	0	0	0	0	0	0	0	0	0	0	0	0	0	0	0	0	0	0	0	0	5	5	5	5	7/3/2022
A016	S	Female	Ventral	FV	1	1	0	1	1	1	1	1	681	1	1	0	0	0	0	0	0	0	0	0	0	0	0	0	0	0	0	0	0	0	0	0	0	0	0	0	0	0	0	1	2	1	1	7/3/2022
A017	S	Male	Ventral	MV	0	0	1	1	1	1	1	620	1	0	0	0	1	0	0	0	0	0	0	0	0	0	0	0	0	0	0	0	0	0	0	0	0	0	0	0	0	0	0	4	4	4	4	7/3/2022
A018	S	Male	Dorsal	MD	0	1	1	1	1	1	1	605	1	0	0	1	0	0	0	0	0	0	0	0	0	0	0	0	0	0	0	0	0	0	0	0	1	0	0	0	0	0	0	3	40	3	3	7/3/2022
A019	S	Female	Dorsal	FD	1	1	0	1	1	1	1	1	681	1	1	0	0	0	0	0	0	0	0	0	0	0	0	0	0	0	0	0	0	0	0	0	0	0	0	0	0	0	0	1	2	1	1	7/3/2022
A020	S	Male	Ventral	MV	0	0	1	1	1	1	1	235	1	0	0	0	0	0	0	0	0	0	0	0	0	0	0	0	1	0	0	0	0	0	0	0	0	0	0	0	0	0	0	24	24	24	24	9/3/2022
A021	S	Female	Dorsal	FD	0	0	1	1	1	1	1	1	401	0	0	0	0	0	0	0	0	0	0	0	0	0	0	0	0	0	1	0	0	0	0	0	0	0	0	0	0	0	0	28	28	28	28	9/3/2022
A022	S	Female	Ventral	FV	0	0	1	1	1	1	1	1	610	0	0	1	0	0	0	0	0	0	0	0	0	0	0	0	0	0	0	0	0	0	0	0	0	0	0	0	0	0	0	3	3	3	3	7/3/2022
A023	S	Female	Ventral	FV	0	0	1	1	1	1	1	1	401	0	0	0	0	0	0	0	0	0	0	0	0	0	0	0	0	0	1	0	0	0	0	0	0	0	0	0	0	0	0	28	28	28	28	9/3/2022
A024	S	Female	Ventral	FV	0	1	0	1	1	1	1	1	410	0	0	0	0	0	1	0	0	0	0	0	0	0	0	0	0	0	0	0	0	0	0	0	0	0	0	0	0	0	0	6	6	6	6	9/3/2022
A025	S	Female	Dorsal	FD	1	1	0	1	1	1	1	1	501	0	0	0	0	0	0	1	1	0	0	0	0	0	0	0	0	0	0	0	0	0	0	0	0	0	0	0	0	0	0	9	10	9	9	9/3/2022
A026	S	Female	Dorsal	FD	0	1	0	1	1	1	1	1	410	0	0	0	0	0	1	0	0	0	0	0	0	0	0	0	0	0	0	0	0	0	0	0	0	0	0	0	0	0	0	6	6	6	6	9/3/2022
A027	S	Male	Dorsal	MD	0	1	0	1	1	1	1	422	1	0	0	0	0	0	1	0	0	0	0	0	0	0	0	0	0	0	0	0	0	0	0	0	0	0	0	0	0	0	0	6	6	6	6	9/3/2022
A028	S	Male	Dorsal	MD	0	0	0	1	1	1	1	1	1	0	0	0	0	0	0	0	0	0	0	0	0	0	0	0	0	0	0	0	0	0	0	0	0	0	0	0	0	0	0	0	0	0	0	9/3/2022
A029	S	Male	Ventral	MV	0	1	0	1	1	1	1	422	1	0	0	0	0	0	1	0	0	0	0	0	0	0	0	0	0	0	0	0	0	0	0	0	0	0	0	0	0	0	0	6	6	6	6	9/3/2022
A030	S	Male	Dorsal	MD	1	0	0	1	1	1	1	431	1	0	0	0	0	0	0	0	0	1	0	0	0	0	0	0	0	0	0	0	0	0	0	0	0	0	0	0	0	0	0	12	12	12	12	9/3/2022
A031	S	Male	Ventral	MV	1	0	0	1	1	1	1	431	1	0	0	0	0	0	0	0	0	1	0	0	0	0	0	0	0	0	0	0	0	0	0	0	0	0	0	0	0	0	0	12	12	12	12	9/3/2022
A032	S	Female	Ventral	FV	1	0	0	1	1	1	1	1	441	0	0	0	0	0	0	0	0	1	0	0	0	0	0	0	0	0	0	0	0	0	0	0	0	0	0	0	0	0	0	12	12	12	12	9/3/2022
A033	S	Female	Dorsal	FD	1	0	0	1	1	1	1	1	441	0	0	0	0	0	0	0	0	1	0	0	0	0	0	0	0	0	0	0	0	0	0	0	0	0	0	0	0	0	0	12	12	12	12	9/3/2022
A034	S	Male	Ventral	MV	0	0	0	1	1	1	1	1	1	0	0	0	0	0	0	0	0	0	0	0	0	0	0	0	0	0	0	0	0	0	0	0	0	0	0	0	0	0	0	0	0	0	0	9/3/2022
A035	S	Male	Dorsal	MD	1	1	0	1	1	1	1	424	1	0	0	0	0	0	0	1	1	0	0	0	0	0	0	0	0	0	0	0	0	0	0	0	0	0	0	0	0	0	0	9	10	9	9	9/3/2022
A036	S	Male	Ventral	MV	1	1	0	1	1	1	1	424	1	0	0	0	0	0	0	1	1	0	0	0	0	0	0	0	0	0	0	0	0	0	0	0	0	0	0	0	0	0	0	9	10	9	9	9/3/2022
A037	S	Female	Dorsal	FD	1	0	0	1	1	1	1	1	676	0	0	0	0	0	0	0	0	0	1	0	0	0	0	0	0	0	0	0	0	0	0	0	0	0	0	0	0	0	0	15	15	15	15	14/3/2022
A038	S	Male	Dorsal	MD	1	0	0	1	1	1	1	673	1	0	0	0	0	0	0	0	0	0	1	0	0	0	0	0	0	0	0	0	0	0	0	0	0	0	0	0	0	0	0	15	15	15	15	14/3/2022
A039	S	Female	Ventral	FV	1	0	0	1	1	1	1	1	676	0	0	0	0	0	0	0	0	0	1	0	0	0	0	0	0	0	0	0	0	0	0	0	0	0	0	0	0	0	0	15	15	15	15	14/3/2022
A040	S	Male	Ventral	MV	1	0	0	1	1	1	1	673	1	0	0	0	0	0	0	0	0	0	1	0	0	0	0	0	0	0	0	0	0	0	0	0	0	0	0	0	0	0	0	15	15	15	15	14/3/2022
A041	S	Female	Dorsal	FD	0	1	0	1	1	1	1	1	689	0	0	0	0	0	0	0	0	0	0	1	1	0	0	0	0	0	0	0	0	0	0	0	0	0	0	0	0	0	0	16	17	16	16	16/3/2022
A042	S	Female	Ventral	FV	0	1	0	1	1	1	1	1	717	0	0	0	0	0	0	0	0	0	0	0	0	1	0	0	0	0	0	0	0	0	0	0	0	0	0	0	0	0	0	18	18	18	18	18/3/2022
A043	S	Female	Dorsal	FD	0	1	0	1	1	1	1	1	717	0	0	0	0	0	0	0	0	0	0	0	0	1	0	0	0	0	0	0	0	0	0	0	0	0	0	0	0	0	0	18	18	18	18	18/3/2022
A044	S	Male	Ventral	MV	0	1	0	1	1	1	1	507	1	0	0	0	0	0	0	0	0	0	0	0	0	1	0	0	0	0	0	0	0	0	0	0	0	0	0	0	0	0	0	18	18	18	18	18/3/2022
A045a	d	Male	Ventral	MV	1	1	0	1	1	1	1	682	1	0	0	0	0	0	0	0	0	0	0	1	1	0	0	0	0	0	0	0	0	0	1	0	0	0	0	0	0	0	0	16	17	37	16	16/3/2022
A045b	d	Male	Ventral	MV	1	1	0	1	1	1	1	682	1	0	0	0	0	0	0	0	0	0	0	1	1	0	0	0	0	0	0	0	0	0	1	0	0	0	0	0	0	0	0	16	17	37	16	16/3/2022
A046	S	Female	Ventral	FV	0	1	0	1	1	1	1	1	689	0	0	0	0	0	0	0	0	0	0	1	1	0	0	0	0	0	0	0	0	0	0	0	0	0	0	0	0	0	0	16	17	16	16	16/3/2022
A047a	d	Male	Dorsal	MD	1	1	0	1	1	1	1	682	1	0	0	0	0	0	0	0	0	0	0	1	1	0	0	0	0	0	0	0	0	0	1	0	0	0	0	0	0	0	0	16	17	37	16	16/3/2022
A047b	d	Male	Dorsal	MD	1	1	0	1	1	1	1	682	1	0	0	0	0	0	0	0	0	0	0	1	1	0	0	0	0	0	0	0	0	0	1	0	0	0	0	0	0	0	0	16	17	37	16	16/3/2022
A048	S	Male	Dorsal	MD	0	1	0	1	1	1	1	507	1	0	0	0	0	0	0	0	0	0	0	0	0	1	0	0	0	0	0	0	0	0	0	0	0	0	0	0	0	0	0	18	18	18	18	18/3/2022
A049	S	Female	Dorsal	FD	0	0	1	1	1	1	1	1	731	0	0	0	0	0	0	0	0	0	0	0	0	0	0	0	1	0	0	0	0	0	0	0	0	0	0	0	0	0	0	24	24	24	24	1/3/2022
A050a	d	Female	Ventral	FV	0	0	1	1	1	1	1	1	731	0	0	0	0	0	0	0	0	0	0	0	0	0	0	0	1	0	0	0	0	0	0	0	0	0	0	0	0	0	0	24	24	24	24	1/3/2022
A050b	d	Female	Ventral	FV	0	0	1	1	1	1	1	1	731	0	0	0	0	0	0	0	0	0	0	0	0	0	0	0	1	0	0	0	0	0	0	0	0	0	0	0	0	0	0	24	24	24	24	1/3/2022
A051	S	Female	Ventral	FV	1	0	0	1	1	1	1	1	413	0	0	0	0	0	0	0	0	0	0	0	0	0	1	0	0	0	0	0	0	0	0	0	0	0	0	0	0	0	0	19	19	19	19	25/3/2022
A052	S	Male	Ventral	MV	1	0	0	1	1	1	1	415	1	0	0	0	0	0	0	0	0	0	0	0	0	0	1	0	0	0	0	0	0	0	0	0	0	0	0	0	0	0	0	19	19	19	19	25/3/2022
A054	S	Male	Dorsal	MD	0	0	1	1	1	1	1	730	1	0	0	0	0	0	0	0	0	0	0	0	0	0	0	1	0	0	0	0	0	0	0	0	0	0	0	0	0	0	0	23	23	23	23	5/4/2022
A055a	d	Female	Dorsal	FD	0	0	1	1	1	1	1	1	736	0	0	0	0	0	0	0	0	0	0	0	0	0	0	1	0	0	0	0	0	0	0	0	0	0	0	0	0	0	0	23	23	23	23	5/4/2022
A055b	d	Female	Dorsal	FD	0	0	1	1	1	1	1	1	736	0	0	0	0	0	0	0	0	0	0	0	0	0	0	1	0	0	0	0	0	0	0	0	0	0	0	0	0	0	0	23	23	23	23	5/4/2022
A056	S	Male	Dorsal	MD	1	0	0	1	1	1	1	415	1	0	0	0	0	0	0	0	0	0	0	0	0	0	1	0	0	0	0	0	0	0	0	0	0	0	0	0	0	0	0	19	19	19	19	25/3/2022
A057	S	Male	Ventral	MV	0	0	1	1	1	1	1	730	1	0	0	0	0	0	0	0	0	0	0	0	0	0	0	1	0	0	0	0	0	0	0	0	0	0	0	0	0	0	0	23	23	23	23	5/4/2022
A058a	d	Female	Ventral	FV	0	0	1	1	1	1	1	1	736	0	0	0	0	0	0	0	0	0	0	0	0	0	0	1	0	0	0	0	0	0	0	0	0	0	0	0	0	0	0	23	23	23	23	5/4/2022
A058b	d	Female	Ventral	FV	0	0	1	1	1	1	1	1	736	0	0	0	0	0	0	0	0	0	0	0	0	0	0	1	0	0	0	0	0	0	0	0	0	0	0	0	0	0	0	23	23	23	23	5/4/2022
A059	S	Female	Ventral	FV	0	0	1	1	1	1	1	1	741	0	0	0	0	0	0	0	0	0	0	0	0	0	0	0	0	1	0	0	0	0	0	0	0	0	0	0	0	0	0	26	26	26	26	5/4/2022
A060a	d	Female	Dorsal	FD	0	0	1	1	1	1	1	1	741	0	0	0	0	0	0	0	0	0	0	0	0	0	0	0	0	1	0	0	0	0	0	0	0	0	0	0	0	0	0	26	26	26	26	5/4/2022
A060b	d	Female	Dorsal	FD	0	0	1	1	1	1	1	1	741	0	0	0	0	0	0	0	0	0	0	0	0	0	0	0	0	1	0	0	0	0	0	0	0	0	0	0	0	0	0	26	26	26	26	5/4/2022
A061a	d	Male	Dorsal	MD	0	0	1	1	1	1	1	422	1	0	0	0	0	0	0	0	0	0	0	0	0	0	0	0	0	0	0	1	0	0	0	0	0	0	0	0	0	0	0	29	29	29	29	24/4/2022
A061b	d	Male	Dorsal	MD	0	0	1	1	1	1	1	422	1	0	0	0	0	0	0	0	0	0	0	0	0	0	0	0	0	0	0	1	0	0	0	0	0	0	0	0	0	0	0	29	29	29	29	24/4/2022
A062a	d	Female	Dorsal	FD	0	0	1	1	1	1	1	1	736	0	0	0	0	0	0	0	0	0	0	0	0	0	0	0	0	0	0	1	0	0	0	0	0	0	0	0	0	0	0	29	29	29	29	24/4/2022
A062b	d	Female	Dorsal	FD	0	0	1	1	1	1	1	1	736	0	0	0	0	0	0	0	0	0	0	0	0	0	0	0	0	0	0	1	0	0	0	0	0	0	0	0	0	0	0	29	29	29	29	24/4/2022
A063a	d	Female	Ventral	FV	0	0	1	1	1	1	1	1	736	0	0	0	0	0	0	0	0	0	0	0	0	0	0	0	0	0	0	1	0	0	0	0	0	0	0	0	0	0	0	29	29	29	29	24/4/2022
A063b	d	Female	Ventral	FV	0	0	1	1	1	1	1	1	736	0	0	0	0	0	0	0	0	0	0	0	0	0	0	0	0	0	0	1	0	0	0	0	0	0	0	0	0	0	0	29	29	29	29	24/4/2022
A065a	d	Male	Dorsal	MD	1	0	1	1	1	1	1	675	1	0	0	0	0	0	0	0	0	0	0	0	0	0	0	0	0	0	0	0	1	0	0	1	0	0	0	0	0	0	0	34	39	34	34	30/4/2022
A065b	d	Male	Dorsal	MD	1	0	1	1	1	1	1	675	1	0	0	0	0	0	0	0	0	0	0	0	0	0	0	0	0	0	0	0	1	0	0	1	0	0	0	0	0	0	0	34	39	34	34	30/4/2022
A066a	d	Male	Ventral	MV	1	0	1	1	1	1	1	675	1	0	0	0	0	0	0	0	0	0	0	0	0	0	0	0	0	0	0	0	1	0	0	1	0	0	0	0	0	0	0	34	39	34	34	30/4/2022
A066b	d	Male	Ventral	MV	1	0	1	1	1	1	1	675	1	0	0	0	0	0	0	0	0	0	0	0	0	0	0	0	0	0	0	0	1	0	0	1	0	0	0	0	0	0	0	34	39	34	34	30/4/2022
A067a	d	Female	Dorsal	FD	1	1	1	1	1	1	1	1	679	0	0	0	0	0	0	0	0	0	0	0	0	0	0	0	0	0	0	0	1	0	0	1	1	0	0	0	0	0	0	34	39	40	34	30/4/2022
A067b	d	Female	Dorsal	FD	1	1	1	1	1	1	1	1	679	0	0	0	0	0	0	0	0	0	0	0	0	0	0	0	0	0	0	0	1	0	0	1	1	0	0	0	0	0	0	34	39	40	34	30/4/2022
A068a	d	Female	Ventral	FV	1	1	1	1	1	1	1	1	679	0	0	0	0	0	0	0	0	0	0	0	0	0	0	0	0	0	0	0	1	0	0	1	1	0	0	0	0	0	0	34	39	40	34	30/4/2022
A068b	d	Female	Ventral	FV	1	1	1	1	1	1	1	1	679	0	0	0	0	0	0	0	0	0	0	0	0	0	0	0	0	0	0	0	1	0	0	1	1	0	0	0	0	0	0	34	39	40	34	30/4/2022
A069	S	Male	Dorsal	MD	0	1	1	1	1	1	1	658	1	0	0	0	0	0	0	0	0	0	0	0	0	0	0	0	0	0	0	0	0	1	0	0	0	0	0	0	1	0	0	35	49	35	35	30/4/2022
A070	S	Male	Ventral	MV	0	1	1	1	1	1	1	658	1	0	0	0	0	0	0	0	0	0	0	0	0	0	0	0	0	0	0	0	0	1	0	0	0	0	0	0	1	0	0	35	49	35	35	30/4/2022
A071	S	Female	Dorsal	FD	0	1	0	1	1	1	1	1	663	0	0	0	0	0	0	0	0	0	0	0	0	0	0	0	0	0	0	0	0	1	0	0	0	0	0	0	0	0	0	35	35	35	35	30/4/2022
A073	S	Male	Dorsal	MD	0	0	1	1	1	1	1	602	1	0	0	0	0	0	0	0	0	0	0	0	0	0	0	0	0	0	0	0	0	0	0	0	0	0	0	0	0	1	0	50	50	50	50	30/4/2022
A074	S	Male	Ventral	MV	0	0	1	1	1	1	1	602	1	0	0	0	0	0	0	0	0	0	0	0	0	0	0	0	0	0	0	0	0	0	0	0	0	0	0	0	0	1	0	50	50	50	50	30/4/2022
A075	S	Female	Dorsal	FD	0	0	0	1	1	1	1	1	1	0	0	0	0	0	0	0	0	0	0	0	0	0	0	0	0	0	0	0	0	0	0	0	0	0	0	0	0	0	0	0	0	0	0	30/4/2022
A076	S	Female	Ventral	FV	0	0	0	1	1	1	1	1	1	0	0	0	0	0	0	0	0	0	0	0	0	0	0	0	0	0	0	0	0	0	0	0	0	0	0	0	0	0	0	0	0	0	0	30/4/2022
A077a	d	Female	Dorsal	FD	1	0	0	1	1	1	1	1	742	0	0	0	0	0	0	0	0	0	0	0	0	0	0	0	0	0	0	0	0	0	1	0	0	0	0	0	0	0	0	37	37	37	37	30/4/2022
A077b	d	Female	Dorsal	FD	1	0	0	1	1	1	1	1	742	0	0	0	0	0	0	0	0	0	0	0	0	0	0	0	0	0	0	0	0	0	1	0	0	0	0	0	0	0	0	37	37	37	37	30/4/2022
A078	S	Male	Dorsal	MD	1	0	0	1	1	1	1	684	1	0	0	0	0	0	0	0	0	0	0	0	0	0	0	0	0	0	0	0	0	0	0	0	0	0	1	0	0	0	0	43	43	43	43	no
A079	S	Male	Ventral	MV	1	0	0	1	1	1	1	684	1	0	0	0	0	0	0	0	0	0	0	0	0	0	0	0	0	0	0	0	0	0	0	0	0	0	1	0	0	0	0	43	43	43	43	no
A080	S	Female	Dorsal	FD	1	0	0	1	1	1	1	1	685	0	0	0	0	0	0	0	0	0	0	0	0	0	0	0	0	0	0	0	0	0	0	0	0	0	1	0	0	0	0	43	43	43	43	no
A081	S	Female	Ventral	FV	1	0	0	1	1	1	1	1	685	0	0	0	0	0	0	0	0	0	0	0	0	0	0	0	0	0	0	0	0	0	0	0	0	0	1	0	0	0	0	43	43	43	43	no
A082	S	Female	Dorsal	FD	0	0	1	1	1	1	1	1	729	0	0	0	0	0	0	0	0	0	0	0	0	0	0	0	0	0	0	0	0	0	0	0	0	0	0	1	0	0	0	48	48	48	48	no
A083	S	Female	Ventral	FV	0	0	1	1	1	1	1	1	729	0	0	0	0	0	0	0	0	0	0	0	0	0	0	0	0	0	0	0	0	0	0	0	0	0	0	1	0	0	0	48	48	48	48	no
A085	S	Male	Ventral	MV	0	1	0	1	1	1	1	657	1	0	0	0	0	0	0	0	0	0	0	0	0	0	0	0	0	0	0	0	0	0	0	0	0	1	0	0	0	0	0	42	42	42	42	no
A086a	d	Female	Dorsal	FD	0	1	0	1	1	1	1	1	661	0	0	0	0	0	0	0	0	0	0	0	0	0	0	0	0	0	0	0	0	0	0	0	0	1	0	0	0	0	0	42	42	42	42	no
A086b	d	Female	Dorsal	FD	0	1	0	1	1	1	1	1	661	0	0	0	0	0	0	0	0	0	0	0	0	0	0	0	0	0	0	0	0	0	0	0	0	1	0	0	0	0	0	42	42	42	42	no
A087	S	Female	Ventral	FV	0	1	0	1	1	1	1	1	661	0	0	0	0	0	0	0	0	0	0	0	0	0	0	0	0	0	0	0	0	0	0	0	0	1	0	0	0	0	0	42	42	42	42	no
NTC1	S	no	no	Controlseq	0	0	0	1	1	1	1	1	1	0	0	0	0	0	0	0	0	0	0	0	0	0	0	0	0	0	0	0	0	0	0	0	0	0	0	0	0	0	0	0	0	0	0	no
NTC2	S	no	no	Controlseq	0	0	0	1	1	1	1	1	1	0	0	0	0	0	0	0	0	0	0	0	0	0	0	0	0	0	0	0	0	0	0	0	0	0	0	0	0	0	0	0	0	0	0	no
PTC	S	no	no	Controlseq	0	0	0	1	1	1	1	1	1	0	0	0	0	0	0	0	0	0	0	0	0	0	0	0	0	0	0	0	0	0	0	0	0	0	0	0	0	0	0	0	0	0	0	no
PTC2	S	no	no	Controlseq	0	0	0	1	1	1	1	1	1	0	0	0	0	0	0	0	0	0	0	0	0	0	0	0	0	0	0	0	0	0	0	0	0	0	0	0	0	0	0	0	0	0	0	no
S001	S	no	no	ENVIRONMENT	1	1	0	1	1	1	1	1	1	0	0	0	0	0	0	1	1	0	0	0	0	0	0	0	0	0	0	0	0	0	0	0	0	0	0	0	0	0	0	9	10	9	9	9/3/2022
S006	S	no	no	CLW1	0	1	0	424	501	424	501	1	1	0	0	0	0	0	0	0	1	0	0	0	0	0	0	0	0	0	0	0	0	0	0	0	0	0	0	0	0	0	0	10	10	10	10	9/3/2022
S009a	d	no	no	ENVIRONMENT	0	0	1	1	1	1	1	1	1	0	0	0	1	0	0	0	0	0	0	0	0	0	0	0	0	0	0	0	0	0	0	0	0	0	0	0	0	0	0	4	4	4	4	7/3/2022
S009b	d	no	no	ENVIRONMENT	0	0	1	1	1	1	1	1	1	0	0	0	1	0	0	0	0	0	0	0	0	0	0	0	0	0	0	0	0	0	0	0	0	0	0	0	0	0	0	4	4	4	4	7/3/2022
S012	S	no	no	ENVIRONMENT	0	0	1	1	1	1	1	1	1	0	0	0	0	0	0	0	0	0	0	0	0	0	0	0	1	0	0	0	0	0	0	0	0	0	0	0	0	0	0	24	24	24	24	9/3/2022
S018	S	no	no	ENVIRONMENT	0	0	1	1	1	1	1	1	1	0	0	0	0	0	0	0	0	0	0	0	0	0	0	0	0	0	1	0	0	0	0	0	0	0	0	0	0	0	0	28	28	28	28	9/3/2022
S019	S	no	no	CLW1	1	0	0	424	501	424	501	1	1	0	0	0	0	0	0	1	0	0	0	0	0	0	0	0	0	0	0	0	0	0	0	0	0	0	0	0	0	0	0	9	9	9	9	9/3/2022
S023	S	no	no	ENVIRONMENT	1	1	0	1	1	1	1	1	1	1	1	0	0	0	0	0	0	0	0	0	0	0	0	0	0	0	0	0	0	0	0	0	0	0	0	0	0	0	0	1	2	1	1	7/3/2022
S026	S	no	no	ENVIRONMENT	0	0	1	1	1	1	1	1	1	0	0	1	0	0	0	0	0	0	0	0	0	0	0	0	0	0	0	0	0	0	0	0	0	0	0	0	0	0	0	3	3	3	3	7/3/2022
S033	S	no	no	AIR	0	0	0	1	1	1	1	1	1	0	0	0	0	0	0	0	0	0	0	0	0	0	0	0	0	0	0	0	0	0	0	0	0	0	0	0	0	0	0	0	0	0	0	7/3/2022
S034a	d	no	no	ENVIRONMENT	1	0	1	1	1	1	1	1	1	0	0	0	0	1	0	0	0	0	0	0	0	0	0	0	0	1	0	0	0	0	0	0	0	0	0	0	0	0	0	5	26	5	5	7/3/2022
S034b	d	no	no	ENVIRONMENT	1	0	1	1	1	1	1	1	1	0	0	0	0	1	0	0	0	0	0	0	0	0	0	0	0	1	0	0	0	0	0	0	0	0	0	0	0	0	0	5	26	5	5	7/3/2022
S037a	d	no	no	CLW1	0	1	0	678	681	678	681	1	1	0	1	0	0	0	0	0	0	0	0	0	0	0	0	0	0	0	0	0	0	0	0	0	0	0	0	0	0	0	0	2	2	2	2	7/3/2022
S037b	d	no	no	CLW1	0	1	0	678	681	678	681	1	1	0	1	0	0	0	0	0	0	0	0	0	0	0	0	0	0	0	0	0	0	0	0	0	0	0	0	0	0	0	0	2	2	2	2	7/3/2022
S044a	d	no	no	ENVIRONMENT	0	1	1	1	1	1	1	1	1	0	0	0	0	0	1	0	0	0	0	0	0	0	0	0	0	0	0	1	0	0	0	0	0	0	0	0	0	0	0	6	29	6	6	9/3/2022
S044b	d	no	no	ENVIRONMENT	0	1	1	1	1	1	1	1	1	0	0	0	0	0	1	0	0	0	0	0	0	0	0	0	0	0	0	1	0	0	0	0	0	0	0	0	0	0	0	6	29	6	6	9/3/2022
S053	S	no	no	ENVIRONMENT	1	0	0	1	1	1	1	1	1	0	0	0	0	0	0	0	0	1	0	0	0	0	0	0	0	0	0	0	0	0	0	0	0	0	0	0	0	0	0	12	12	12	12	9/3/2022
S063	S	no	no	WATER	1	1	0	1	1	1	1	1	1	1	1	0	0	0	0	0	0	0	0	0	0	0	0	0	0	0	0	0	0	0	0	0	0	0	0	0	0	0	0	1	2	1	1	14/3/2022
S064a	d	no	no	CLW2	0	1	0	678	681	678	681	1	1	0	1	0	0	0	0	0	0	0	0	0	0	0	0	0	0	0	0	0	0	0	0	0	0	0	0	0	0	0	0	2	2	2	2	14/3/2022
S064b	d	no	no	CLW2	0	1	0	678	681	678	681	1	1	0	1	0	0	0	0	0	0	0	0	0	0	0	0	0	0	0	0	0	0	0	0	0	0	0	0	0	0	0	0	2	2	2	2	14/3/2022
S067a	d	no	no	CLW2	1	0	0	678	681	678	681	1	1	1	0	0	0	0	0	0	0	0	0	0	0	0	0	0	0	0	0	0	0	0	0	0	0	0	0	0	0	0	0	1	1	1	1	14/3/2022
S067b	d	no	no	CLW2	1	0	0	678	681	678	681	1	1	1	0	0	0	0	0	0	0	0	0	0	0	0	0	0	0	0	0	0	0	0	0	0	0	0	0	0	0	0	0	1	1	1	1	14/3/2022
S068	S	no	no	CLW2	1	0	0	715	650	715	650	1	1	0	0	0	0	1	0	0	0	0	0	0	0	0	0	0	0	0	0	0	0	0	0	0	0	0	0	0	0	0	0	5	5	5	5	14/3/2022
S070a	d	no	no	CLW2	0	0	1	620	642	605	610	1	1	0	0	1	0	0	0	0	0	0	0	0	0	0	0	0	0	0	0	0	0	0	0	0	0	0	0	0	0	0	0	3	3	3	3	14/3/2022
S070b	d	no	no	CLW2	0	0	1	620	642	605	610	1	1	0	0	1	0	0	0	0	0	0	0	0	0	0	0	0	0	0	0	0	0	0	0	0	0	0	0	0	0	0	0	3	3	3	3	14/3/2022
S073	S	no	no	CLW1	1	0	0	673	676	673	676	1	1	0	0	0	0	0	0	0	0	0	1	0	0	0	0	0	0	0	0	0	0	0	0	0	0	0	0	0	0	0	0	15	15	15	15	14/3/2022
S076	S	no	no	WATER	1	0	1	1	1	1	1	1	1	0	0	0	0	1	0	0	0	0	0	0	0	0	0	0	0	1	0	0	0	0	0	0	0	0	0	0	0	0	0	5	26	5	5	14/3/2022
S077	S	no	no	WATER	0	1	0	1	1	1	1	1	1	0	0	0	0	0	1	0	0	0	0	0	0	0	0	0	0	0	0	0	0	0	0	0	0	0	0	0	0	0	0	6	6	6	6	16/3/2022
S082	S	no	no	CLW2	1	0	0	424	501	424	501	1	1	0	0	0	0	0	0	1	0	0	0	0	0	0	0	0	0	0	0	0	0	0	0	0	0	0	0	0	0	0	0	9	9	9	9	16/3/2022
S083a	d	no	no	CLW2	0	1	0	424	501	424	501	1	1	0	0	0	0	0	0	0	1	0	0	0	0	0	0	0	0	0	0	0	0	0	0	0	0	0	0	0	0	0	0	10	10	10	10	16/3/2022
S083b	d	no	no	CLW2	0	1	0	424	501	424	501	1	1	0	0	0	0	0	0	0	1	0	0	0	0	0	0	0	0	0	0	0	0	0	0	0	0	0	0	0	0	0	0	10	10	10	10	16/3/2022
S085a	d	no	no	WATER	1	1	0	1	1	1	1	1	1	0	0	0	0	0	0	1	1	0	0	0	0	0	0	0	0	0	0	0	0	0	0	0	0	0	0	0	0	0	0	9	10	9	9	16/3/2022
S085b	d	no	no	WATER	1	1	0	1	1	1	1	1	1	0	0	0	0	0	0	1	1	0	0	0	0	0	0	0	0	0	0	0	0	0	0	0	0	0	0	0	0	0	0	9	10	9	9	16/3/2022
S089a	d	no	no	WATER	1	0	0	1	1	1	1	1	1	0	0	0	0	0	0	0	0	1	0	0	0	0	0	0	0	0	0	0	0	0	0	0	0	0	0	0	0	0	0	12	12	12	12	16/3/2022
S089b	d	no	no	WATER	1	0	0	1	1	1	1	1	1	0	0	0	0	0	0	0	0	1	0	0	0	0	0	0	0	0	0	0	0	0	0	0	0	0	0	0	0	0	0	12	12	12	12	16/3/2022
S090	S	no	no	CLW1	0	1	0	507	717	507	717	1	1	0	0	0	0	0	0	0	0	0	0	0	0	1	0	0	0	0	0	0	0	0	0	0	0	0	0	0	0	0	0	18	18	18	18	18/3/2022
S092a	d	no	no	CLW1	0	1	0	682	689	682	689	1	1	0	0	0	0	0	0	0	0	0	0	1	0	0	0	0	0	0	0	0	0	0	0	0	0	0	0	0	0	0	0	16	16	16	16	16/3/2022
S092b	d	no	no	CLW1	0	1	0	682	689	682	689	1	1	0	0	0	0	0	0	0	0	0	0	1	0	0	0	0	0	0	0	0	0	0	0	0	0	0	0	0	0	0	0	16	16	16	16	16/3/2022
S094	S	no	no	WATER	0	0	1	1	1	1	1	1	1	0	0	0	0	0	0	0	0	0	0	0	0	0	0	0	1	0	0	0	0	0	0	0	0	0	0	0	0	0	0	24	24	24	24	16/3/2022
S095	S	no	no	ENVIRONMENT	1	0	0	1	1	1	1	1	1	0	0	0	0	0	0	0	0	0	1	0	0	0	0	0	0	0	0	0	0	0	0	0	0	0	0	0	0	0	0	15	15	15	15	14/3/2022
S097	S	no	no	CLW1	0	0	1	247	250	620	642	1	1	0	0	0	1	0	0	0	0	0	0	0	0	0	0	0	0	0	0	0	0	0	0	0	0	0	0	0	0	0	0	4	4	4	4	14/3/2022
S098a	d	no	no	WATER	0	0	1	1	1	1	1	1	1	0	0	1	0	0	0	0	0	0	0	0	0	0	0	0	0	0	0	0	0	0	0	0	0	0	0	0	0	0	0	3	3	3	3	14/3/2022
S098b	d	no	no	WATER	0	0	1	1	1	1	1	1	1	0	0	1	0	0	0	0	0	0	0	0	0	0	0	0	0	0	0	0	0	0	0	0	0	0	0	0	0	0	0	3	3	3	3	14/3/2022
S099	S	no	no	ENVIRONMENT	0	1	0	1	1	1	1	1	1	0	0	0	0	0	0	0	0	0	0	0	0	1	0	0	0	0	0	0	0	0	0	0	0	0	0	0	0	0	0	18	18	18	18	18/3/2022
S115	S	no	no	CLW2	0	1	0	507	717	507	717	1	1	0	0	0	0	0	0	0	0	0	0	0	0	1	0	0	0	0	0	0	0	0	0	0	0	0	0	0	0	0	0	18	18	18	18	25/3/2022
S118	S	no	no	ENVIRONMENT	0	0	1	1	1	1	1	1	1	0	0	0	0	0	0	0	0	0	0	0	0	0	0	1	0	0	0	0	0	0	0	0	0	0	0	0	0	0	0	23	23	23	23	5/4/2022
S120	S	no	no	WATER	0	1	0	1	1	1	1	1	1	0	0	0	0	0	0	0	0	0	0	1	1	0	0	0	0	0	0	0	0	0	0	0	0	0	0	0	0	0	0	16	17	16	16	25/3/2022
S121a	d	no	no	CLW2	0	1	0	682	689	682	689	1	1	0	0	0	0	0	0	0	0	0	0	0	1	0	0	0	0	0	0	0	0	0	0	0	0	0	0	0	0	0	0	17	17	17	17	23/3/2022
S121b	d	no	no	CLW2	0	1	0	682	689	682	689	1	1	0	0	0	0	0	0	0	0	0	0	0	1	0	0	0	0	0	0	0	0	0	0	0	0	0	0	0	0	0	0	17	17	17	17	23/3/2022
S124a	d	no	no	ENVIRONMENT	1	0	0	1	1	1	1	1	1	0	0	0	0	0	0	0	0	0	0	0	0	0	1	0	0	0	0	0	0	0	0	0	0	0	0	0	0	0	0	19	19	19	19	25/3/2022
S124b	d	no	no	ENVIRONMENT	1	0	0	1	1	1	1	1	1	0	0	0	0	0	0	0	0	0	0	0	0	0	1	0	0	0	0	0	0	0	0	0	0	0	0	0	0	0	0	19	19	19	19	25/3/2022
S125	S	no	no	CLW1	1	0	0	415	413	415	413	1	1	0	0	0	0	0	0	0	0	0	0	0	0	0	1	0	0	0	0	0	0	0	0	0	0	0	0	0	0	0	0	19	19	19	19	25/3/2022
S127	S	no	no	CLW2	1	0	0	673	676	673	676	1	1	0	0	0	0	0	0	0	0	0	1	0	0	0	0	0	0	0	0	0	0	0	0	0	0	0	0	0	0	0	0	15	15	15	15	25/3/2022
S128a	d	no	no	CLW2	0	0	1	247	250	620	642	1	1	0	0	0	1	0	0	0	0	0	0	0	0	0	0	0	0	0	0	0	0	0	0	0	0	0	0	0	0	0	0	4	4	4	4	21/3/2022
S128b	d	no	no	CLW2	0	0	1	247	250	620	642	1	1	0	0	0	1	0	0	0	0	0	0	0	0	0	0	0	0	0	0	0	0	0	0	0	0	0	0	0	0	0	0	4	4	4	4	21/3/2022
S129	S	no	no	CLW1	0	0	1	730	736	235	731	1	1	0	0	0	0	0	0	0	0	0	0	0	0	0	0	0	1	0	0	0	0	0	0	0	0	0	0	0	0	0	0	24	24	24	24	5/4/2022
S130a	d	no	no	CLW2	0	1	0	682	689	682	689	1	1	0	0	0	0	0	0	0	0	0	0	1	0	0	0	0	0	0	0	0	0	0	0	0	0	0	0	0	0	0	0	16	16	16	16	23/3/2022
S130b	d	no	no	CLW2	0	1	0	682	689	682	689	1	1	0	0	0	0	0	0	0	0	0	0	1	0	0	0	0	0	0	0	0	0	0	0	0	0	0	0	0	0	0	0	16	16	16	16	23/3/2022
S132	S	no	no	WATER	0	1	0	1	1	1	1	1	1	0	0	0	0	0	0	0	0	0	0	0	0	1	0	0	0	0	0	0	0	0	0	0	0	0	0	0	0	0	0	18	18	18	18	25/3/2022
S134	S	no	no	CLW1	0	0	1	621	730	715	741	1	1	0	0	0	0	0	0	0	0	0	0	0	0	0	0	0	0	1	0	0	0	0	0	0	0	0	0	0	0	0	0	26	26	26	26	5/4/2022
S138	S	no	no	WATER	0	0	1	1	1	1	1	1	1	0	0	0	1	0	0	0	0	0	0	0	0	0	0	0	0	0	0	0	0	0	0	0	0	0	0	0	0	0	0	4	4	4	4	25/3/2022
S139a	d	no	no	CLW1	0	0	1	235	731	730	736	1	1	0	0	0	0	0	0	0	0	0	0	0	0	0	0	1	0	0	0	0	0	0	0	0	0	0	0	0	0	0	0	23	23	23	23	5/4/2022
S139b	d	no	no	CLW1	0	0	1	235	731	730	736	1	1	0	0	0	0	0	0	0	0	0	0	0	0	0	0	1	0	0	0	0	0	0	0	0	0	0	0	0	0	0	0	23	23	23	23	5/4/2022
S142	S	no	no	Controlseq	0	0	0	1	1	1	1	1	1	0	0	0	0	0	0	0	0	0	0	0	0	0	0	0	0	0	0	0	0	0	0	0	0	0	0	0	0	0	0	0	0	0	0	5/4/2022
S145	S	no	no	TP	0	0	1	620	642	605	610	1	1	0	0	1	0	0	0	0	0	0	0	0	0	0	0	0	0	0	0	0	0	0	0	0	0	0	0	0	0	0	0	3	3	3	3	8/4/2022
S147	S	no	no	TP	1	0	0	673	676	673	676	1	1	0	0	0	0	0	0	0	0	0	1	0	0	0	0	0	0	0	0	0	0	0	0	0	0	0	0	0	0	0	0	15	15	15	15	8/4/2022
S148	S	no	no	TP	0	0	1	620	642	605	610	1	1	0	0	1	0	0	0	0	0	0	0	0	0	0	0	0	0	0	0	0	0	0	0	0	0	0	0	0	0	0	0	3	3	3	3	8/4/2022
S149	S	no	no	TP	0	0	1	620	642	605	610	1	1	0	0	1	0	0	0	0	0	0	0	0	0	0	0	0	0	0	0	0	0	0	0	0	0	0	0	0	0	0	0	3	3	3	3	8/4/2022
S150	S	no	no	TP	0	0	1	620	642	605	610	1	1	0	0	1	0	0	0	0	0	0	0	0	0	0	0	0	0	0	0	0	0	0	0	0	0	0	0	0	0	0	0	3	3	3	3	8/4/2022
S155	S	no	no	TP	1	0	0	431	441	431	441	1	1	0	0	0	0	0	0	0	0	1	0	0	0	0	0	0	0	0	0	0	0	0	0	0	0	0	0	0	0	0	0	12	12	12	12	5/4/2022
S158	S	no	no	TP	1	0	0	678	681	678	681	1	1	1	0	0	0	0	0	0	0	0	0	0	0	0	0	0	0	0	0	0	0	0	0	0	0	0	0	0	0	0	0	1	1	1	1	5/4/2022
S160	S	no	no	TP	1	0	0	678	681	678	681	1	1	1	0	0	0	0	0	0	0	0	0	0	0	0	0	0	0	0	0	0	0	0	0	0	0	0	0	0	0	0	0	1	1	1	1	5/4/2022
S161	S	no	no	TP	1	0	0	678	681	678	681	1	1	1	0	0	0	0	0	0	0	0	0	0	0	0	0	0	0	0	0	0	0	0	0	0	0	0	0	0	0	0	0	1	1	1	1	5/4/2022
S162	S	no	no	TP	0	1	0	678	681	678	681	1	1	0	1	0	0	0	0	0	0	0	0	0	0	0	0	0	0	0	0	0	0	0	0	0	0	0	0	0	0	0	0	2	2	2	2	5/4/2022
S163	S	no	no	TP	0	1	0	678	681	678	681	1	1	0	1	0	0	0	0	0	0	0	0	0	0	0	0	0	0	0	0	0	0	0	0	0	0	0	0	0	0	0	0	2	2	2	2	5/4/2022
S164	S	no	no	TP	0	1	0	678	681	678	681	1	1	0	1	0	0	0	0	0	0	0	0	0	0	0	0	0	0	0	0	0	0	0	0	0	0	0	0	0	0	0	0	2	2	2	2	5/4/2022
S165	S	no	no	TP	0	1	0	678	681	678	681	1	1	0	1	0	0	0	0	0	0	0	0	0	0	0	0	0	0	0	0	0	0	0	0	0	0	0	0	0	0	0	0	2	2	2	2	5/4/2022
S166	S	no	no	TP	0	1	0	678	681	678	681	1	1	0	1	0	0	0	0	0	0	0	0	0	0	0	0	0	0	0	0	0	0	0	0	0	0	0	0	0	0	0	0	2	2	2	2	5/4/2022
S167	S	no	no	TP	1	0	0	673	676	673	676	1	1	0	0	0	0	0	0	0	0	0	1	0	0	0	0	0	0	0	0	0	0	0	0	0	0	0	0	0	0	0	0	15	15	15	15	8/4/2022
S168	S	no	no	TP	1	0	0	673	676	673	676	1	1	0	0	0	0	0	0	0	0	0	1	0	0	0	0	0	0	0	0	0	0	0	0	0	0	0	0	0	0	0	0	15	15	15	15	8/4/2022
S169	S	no	no	TP	1	0	0	673	676	673	676	1	1	0	0	0	0	0	0	0	0	0	1	0	0	0	0	0	0	0	0	0	0	0	0	0	0	0	0	0	0	0	0	15	15	15	15	8/4/2022
S170	S	no	no	TP	0	1	0	424	501	424	501	1	1	0	0	0	0	0	0	0	1	0	0	0	0	0	0	0	0	0	0	0	0	0	0	0	0	0	0	0	0	0	0	10	10	10	10	12/4/2022
S171	S	no	no	TP	0	1	0	424	501	424	501	1	1	0	0	0	0	0	0	0	1	0	0	0	0	0	0	0	0	0	0	0	0	0	0	0	0	0	0	0	0	0	0	10	10	10	10	12/4/2022
S172	S	no	no	TP	0	1	0	424	501	424	501	1	1	0	0	0	0	0	0	0	1	0	0	0	0	0	0	0	0	0	0	0	0	0	0	0	0	0	0	0	0	0	0	10	10	10	10	12/4/2022
S173	S	no	no	TP	0	1	0	424	501	424	501	1	1	0	0	0	0	0	0	0	1	0	0	0	0	0	0	0	0	0	0	0	0	0	0	0	0	0	0	0	0	0	0	10	10	10	10	12/4/2022
S176	S	no	no	TP	1	0	0	424	501	424	501	1	1	0	0	0	0	0	0	1	0	0	0	0	0	0	0	0	0	0	0	0	0	0	0	0	0	0	0	0	0	0	0	9	9	9	9	12/4/2022
S177a	d	no	no	CLW2	0	0	1	730	736	235	731	1	1	0	0	0	0	0	0	0	0	0	0	0	0	0	0	0	1	0	0	0	0	0	0	0	0	0	0	0	0	0	0	24	24	24	24	12/4/2022
S177b	d	no	no	CLW2	0	0	1	730	736	235	731	1	1	0	0	0	0	0	0	0	0	0	0	0	0	0	0	0	1	0	0	0	0	0	0	0	0	0	0	0	0	0	0	24	24	24	24	12/4/2022
S179	S	no	no	CLW2	1	0	0	415	413	415	413	1	1	0	0	0	0	0	0	0	0	0	0	0	0	0	1	0	0	0	0	0	0	0	0	0	0	0	0	0	0	0	0	19	19	19	19	12/4/2022
S180a	d	no	no	CLW2	0	0	1	235	731	730	736	1	1	0	0	0	0	0	0	0	0	0	0	0	0	0	0	1	0	0	0	0	0	0	0	0	0	0	0	0	0	0	0	23	23	23	23	12/4/2022
S180b	d	no	no	CLW2	0	0	1	235	731	730	736	1	1	0	0	0	0	0	0	0	0	0	0	0	0	0	0	1	0	0	0	0	0	0	0	0	0	0	0	0	0	0	0	23	23	23	23	12/4/2022
S185	S	no	no	TP	0	1	0	682	689	682	689	1	1	0	0	0	0	0	0	0	0	0	0	1	0	0	0	0	0	0	0	0	0	0	0	0	0	0	0	0	0	0	0	16	16	16	16	19/4/2022
S186	S	no	no	TP	0	1	0	422	410	422	410	1	1	0	0	0	0	0	1	0	0	0	0	0	0	0	0	0	0	0	0	0	0	0	0	0	0	0	0	0	0	0	0	6	6	6	6	19/4/2022
S187a	d	no	no	TP	0	1	0	422	410	422	410	1	1	0	0	0	0	0	1	0	0	0	0	0	0	0	0	0	0	0	0	0	0	0	0	0	0	0	0	0	0	0	0	6	6	6	6	19/4/2022
S187b	d	no	no	TP	0	1	0	422	410	422	410	1	1	0	0	0	0	0	1	0	0	0	0	0	0	0	0	0	0	0	0	0	0	0	0	0	0	0	0	0	0	0	0	6	6	6	6	19/4/2022
S188a	d	no	no	TP	0	1	0	422	410	422	410	1	1	0	0	0	0	0	1	0	0	0	0	0	0	0	0	0	0	0	0	0	0	0	0	0	0	0	0	0	0	0	0	6	6	6	6	19/4/2022
S188b	d	no	no	TP	0	1	0	422	410	422	410	1	1	0	0	0	0	0	1	0	0	0	0	0	0	0	0	0	0	0	0	0	0	0	0	0	0	0	0	0	0	0	0	6	6	6	6	19/4/2022
S189	S	no	no	TP	1	0	0	715	650	715	650	1	1	0	0	0	0	1	0	0	0	0	0	0	0	0	0	0	0	0	0	0	0	0	0	0	0	0	0	0	0	0	0	5	5	5	5	19/4/2022
S190	S	no	no	WATER	0	0	1	1	1	1	1	1	1	0	0	0	0	0	0	0	0	0	0	0	0	0	0	1	0	0	0	0	0	0	0	0	0	0	0	0	0	0	0	23	23	23	23	12/4/2022
S191	S	no	no	TP	0	1	0	422	410	422	410	1	1	0	0	0	0	0	1	0	0	0	0	0	0	0	0	0	0	0	0	0	0	0	0	0	0	0	0	0	0	0	0	6	6	6	6	19/4/2022
S194	S	no	no	TP	0	1	0	682	689	682	689	1	1	0	0	0	0	0	0	0	0	0	0	1	0	0	0	0	0	0	0	0	0	0	0	0	0	0	0	0	0	0	0	16	16	16	16	19/4/2022
S197	S	no	no	TP	1	0	0	715	650	715	650	1	1	0	0	0	0	1	0	0	0	0	0	0	0	0	0	0	0	0	0	0	0	0	0	0	0	0	0	0	0	0	0	5	5	5	5	19/4/2022
S199	S	no	no	TP	1	0	0	715	650	715	650	1	1	0	0	0	0	1	0	0	0	0	0	0	0	0	0	0	0	0	0	0	0	0	0	0	0	0	0	0	0	0	0	5	5	5	5	19/4/2022
S200	S	no	no	CLW2	0	0	1	621	730	715	741	1	1	0	0	0	0	0	0	0	0	0	0	0	0	0	0	0	0	1	0	0	0	0	0	0	0	0	0	0	0	0	0	26	26	26	26	12/4/2022
S203	S	no	no	TP	0	1	0	682	689	682	689	1	1	0	0	0	0	0	0	0	0	0	0	0	1	0	0	0	0	0	0	0	0	0	0	0	0	0	0	0	0	0	0	17	17	17	17	24/4/2022
S204	S	no	no	TP	0	1	0	682	689	682	689	1	1	0	0	0	0	0	0	0	0	0	0	0	1	0	0	0	0	0	0	0	0	0	0	0	0	0	0	0	0	0	0	17	17	17	17	24/4/2022
S205	S	no	no	TP	0	1	0	682	689	682	689	1	1	0	0	0	0	0	0	0	0	0	0	0	1	0	0	0	0	0	0	0	0	0	0	0	0	0	0	0	0	0	0	17	17	17	17	24/4/2022
S208	S	no	no	TP	0	1	0	682	689	682	689	1	1	0	0	0	0	0	0	0	0	0	0	0	1	0	0	0	0	0	0	0	0	0	0	0	0	0	0	0	0	0	0	17	17	17	17	24/4/2022
S210	S	no	no	TP	0	1	0	507	717	507	717	1	1	0	0	0	0	0	0	0	0	0	0	0	0	1	0	0	0	0	0	0	0	0	0	0	0	0	0	0	0	0	0	18	18	18	18	24/4/2022
S211	S	no	no	TP	0	1	0	507	717	507	717	1	1	0	0	0	0	0	0	0	0	0	0	0	0	1	0	0	0	0	0	0	0	0	0	0	0	0	0	0	0	0	0	18	18	18	18	24/4/2022
S212	S	no	no	TP	0	1	0	507	717	507	717	1	1	0	0	0	0	0	0	0	0	0	0	0	0	1	0	0	0	0	0	0	0	0	0	0	0	0	0	0	0	0	0	18	18	18	18	24/4/2022
S214	S	no	no	TP	0	1	0	507	717	507	717	1	1	0	0	0	0	0	0	0	0	0	0	0	0	1	0	0	0	0	0	0	0	0	0	0	0	0	0	0	0	0	0	18	18	18	18	24/4/2022
S216	S	no	no	TP	0	0	1	247	250	620	642	1	1	0	0	0	1	0	0	0	0	0	0	0	0	0	0	0	0	0	0	0	0	0	0	0	0	0	0	0	0	0	0	4	4	4	4	24/4/2022
S218	S	no	no	TP	0	0	1	247	250	620	642	1	1	0	0	0	1	0	0	0	0	0	0	0	0	0	0	0	0	0	0	0	0	0	0	0	0	0	0	0	0	0	0	4	4	4	4	24/4/2022
S220a	d	no	no	CLW1	0	0	1	754	742	422	736	1	1	0	0	0	0	0	0	0	0	0	0	0	0	0	0	0	0	0	0	1	0	0	0	0	0	0	0	0	0	0	0	29	29	29	29	24/4/2022
S220b	d	no	no	CLW1	0	0	1	754	742	422	736	1	1	0	0	0	0	0	0	0	0	0	0	0	0	0	0	0	0	0	0	1	0	0	0	0	0	0	0	0	0	0	0	29	29	29	29	24/4/2022
S227a	d	no	no	CLW1	0	0	1	424	731	405	401	1	1	0	0	0	0	0	0	0	0	0	0	0	0	0	0	0	0	0	1	0	0	0	0	0	0	0	0	0	0	0	0	28	28	28	28	24/4/2022
S227b	d	no	no	CLW1	0	0	1	424	731	405	401	1	1	0	0	0	0	0	0	0	0	0	0	0	0	0	0	0	0	0	1	0	0	0	0	0	0	0	0	0	0	0	0	28	28	28	28	24/4/2022
S236	S	no	no	WATER	0	0	1	1	1	1	1	1	1	0	0	0	0	0	0	0	0	0	0	0	0	0	0	0	0	0	1	0	0	0	0	0	0	0	0	0	0	0	0	28	28	28	28	24/4/2022
S237	S	no	no	TP	1	0	0	415	413	415	413	1	1	0	0	0	0	0	0	0	0	0	0	0	0	0	1	0	0	0	0	0	0	0	0	0	0	0	0	0	0	0	0	19	19	19	19	30/4/2022
S238	S	no	no	TP	1	0	0	415	413	415	413	1	1	0	0	0	0	0	0	0	0	0	0	0	0	0	1	0	0	0	0	0	0	0	0	0	0	0	0	0	0	0	0	19	19	19	19	30/4/2022
S246	S	no	no	ENVIRONMENT	1	0	0	1	1	1	1	1	1	0	0	0	0	0	0	0	0	0	0	0	0	0	0	0	0	0	0	0	1	0	0	1	0	0	0	0	0	0	0	34	39	34	34	30/4/2022
S247a	d	no	no	CLW1	1	0	0	675	679	675	679	1	1	0	0	0	0	0	0	0	0	0	0	0	0	0	0	0	0	0	0	0	1	0	0	0	0	0	0	0	0	0	0	34	34	34	34	30/4/2022
S247b	d	no	no	CLW1	1	0	0	675	679	675	679	1	1	0	0	0	0	0	0	0	0	0	0	0	0	0	0	0	0	0	0	0	1	0	0	0	0	0	0	0	0	0	0	34	34	34	34	30/4/2022
S252a	d	no	no	Controlseq	0	0	0	1	1	1	1	1	1	0	0	0	0	0	0	0	0	0	0	0	0	0	0	0	0	0	0	0	0	0	0	0	0	0	0	0	0	0	0	0	0	0	0	24/4/2022
S252b	d	no	no	Controlseq	0	0	0	1	1	1	1	1	1	0	0	0	0	0	0	0	0	0	0	0	0	0	0	0	0	0	0	0	0	0	0	0	0	0	0	0	0	0	0	0	0	0	0	24/4/2022
S253a	d	no	no	ENVIRONMENT	0	1	0	1	1	1	1	1	1	0	0	0	0	0	0	0	0	0	0	0	0	0	0	0	0	0	0	0	0	1	0	0	0	0	0	0	0	0	0	35	35	35	35	30/4/2022
S253b	d	no	no	ENVIRONMENT	0	1	0	1	1	1	1	1	1	0	0	0	0	0	0	0	0	0	0	0	0	0	0	0	0	0	0	0	0	1	0	0	0	0	0	0	0	0	0	35	35	35	35	30/4/2022
S254	S	no	no	CLW1	0	1	0	658	663	658	663	1	1	0	0	0	0	0	0	0	0	0	0	0	0	0	0	0	0	0	0	0	0	1	0	0	0	0	0	0	0	0	0	35	35	35	35	30/4/2022
S262	S	Female	Ventral	FV	1	0	0	1	1	1	1	1	742	0	0	0	0	0	0	0	0	0	0	0	0	0	0	0	0	0	0	0	0	0	1	0	0	0	0	0	0	0	0	37	37	37	37	30/4/2022
S264	S	no	no	CLW1	1	0	0	682	742	682	742	1	1	0	0	0	0	0	0	0	0	0	0	0	0	0	0	0	0	0	0	0	0	0	1	0	0	0	0	0	0	0	0	37	37	37	37	30/4/2022
S265a	d	no	no	CLW2	1	0	0	675	679	675	679	1	1	0	0	0	0	0	0	0	0	0	0	0	0	0	0	0	0	0	0	0	1	0	0	0	0	0	0	0	0	0	0	34	34	34	34	2/5/2022
S265b	d	no	no	CLW2	1	0	0	675	679	675	679	1	1	0	0	0	0	0	0	0	0	0	0	0	0	0	0	0	0	0	0	0	1	0	0	0	0	0	0	0	0	0	0	34	34	34	34	2/5/2022
S266	S	no	no	WATER	1	0	0	1	1	1	1	1	1	0	0	0	0	0	0	0	0	0	0	0	0	0	0	0	0	0	0	0	1	0	0	0	0	0	0	0	0	0	0	34	34	34	34	2/5/2022
S269	S	no	no	CLW2	0	1	0	658	663	658	663	1	1	0	0	0	0	0	0	0	0	0	0	0	0	0	0	0	0	0	0	0	0	1	0	0	0	0	0	0	0	0	0	35	35	35	35	4/5/2022
S270	S	no	no	WATER	0	1	0	1	1	1	1	1	1	0	0	0	0	0	0	0	0	0	0	0	0	0	0	0	0	0	0	0	0	1	0	0	0	0	0	0	0	0	0	35	35	35	35	4/5/2022
S271a	d	no	no	CLW2	0	0	1	754	742	422	736	1	1	0	0	0	0	0	0	0	0	0	0	0	0	0	0	0	0	0	0	1	0	0	0	0	0	0	0	0	0	0	0	29	29	29	29	4/5/2022
S271b	d	no	no	CLW2	0	0	1	754	742	422	736	1	1	0	0	0	0	0	0	0	0	0	0	0	0	0	0	0	0	0	0	1	0	0	0	0	0	0	0	0	0	0	0	29	29	29	29	4/5/2022
S272	S	no	no	WATER	0	0	1	1	1	1	1	1	1	0	0	0	0	0	0	0	0	0	0	0	0	0	0	0	0	0	0	1	0	0	0	0	0	0	0	0	0	0	0	29	29	29	29	4/5/2022
S276	S	no	no	CLW1	0	0	1	730	742	675	679	1	1	0	0	0	0	0	0	0	0	0	0	0	0	0	0	0	0	0	0	0	0	0	0	1	0	0	0	0	0	0	0	39	39	39	39	5/5/2022
S277	S	no	no	TP	0	0	1	235	731	730	736	1	1	0	0	0	0	0	0	0	0	0	0	0	0	0	0	1	0	0	0	0	0	0	0	0	0	0	0	0	0	0	0	23	23	23	23	7/5/2022
S278	S	no	no	TP	0	0	1	235	731	730	736	1	1	0	0	0	0	0	0	0	0	0	0	0	0	0	0	1	0	0	0	0	0	0	0	0	0	0	0	0	0	0	0	23	23	23	23	7/5/2022
S279	S	no	no	TP	0	0	1	730	736	235	731	1	1	0	0	0	0	0	0	0	0	0	0	0	0	0	0	0	1	0	0	0	0	0	0	0	0	0	0	0	0	0	0	24	24	24	24	7/5/2022
S280	S	no	no	TP	0	0	1	730	736	235	731	1	1	0	0	0	0	0	0	0	0	0	0	0	0	0	0	0	1	0	0	0	0	0	0	0	0	0	0	0	0	0	0	24	24	24	24	7/5/2022
S281	S	no	no	TP	0	0	1	730	736	235	731	1	1	0	0	0	0	0	0	0	0	0	0	0	0	0	0	0	1	0	0	0	0	0	0	0	0	0	0	0	0	0	0	24	24	24	24	7/5/2022
S283	S	no	no	TP	0	0	1	621	730	715	741	1	1	0	0	0	0	0	0	0	0	0	0	0	0	0	0	0	0	1	0	0	0	0	0	0	0	0	0	0	0	0	0	26	26	26	26	7/5/2022
S284	S	no	no	TP	0	0	1	621	730	715	741	1	1	0	0	0	0	0	0	0	0	0	0	0	0	0	0	0	0	1	0	0	0	0	0	0	0	0	0	0	0	0	0	26	26	26	26	7/5/2022
S285	S	no	no	TP	0	0	1	621	730	715	741	1	1	0	0	0	0	0	0	0	0	0	0	0	0	0	0	0	0	1	0	0	0	0	0	0	0	0	0	0	0	0	0	26	26	26	26	7/5/2022
S289a	d	no	no	WATER	1	0	0	1	1	1	1	1	1	0	0	0	0	0	0	0	0	0	0	0	0	0	0	0	0	0	0	0	0	0	1	0	0	0	0	0	0	0	0	37	37	37	37	9/5/2022
S289b	d	no	no	WATER	1	0	0	1	1	1	1	1	1	0	0	0	0	0	0	0	0	0	0	0	0	0	0	0	0	0	0	0	0	0	1	0	0	0	0	0	0	0	0	37	37	37	37	9/5/2022
S290a	d	no	no	CLW1	0	1	0	605	679	605	679	1	1	0	0	0	0	0	0	0	0	0	0	0	0	0	0	0	0	0	0	0	0	0	0	0	1	0	0	0	0	0	0	40	40	40	40	9/5/2022
S290b	d	no	no	CLW1	0	1	0	605	679	605	679	1	1	0	0	0	0	0	0	0	0	0	0	0	0	0	0	0	0	0	0	0	0	0	0	0	1	0	0	0	0	0	0	40	40	40	40	9/5/2022
S298a	d	no	no	WATER	1	0	0	1	1	1	1	1	1	0	0	0	0	0	0	0	0	0	0	0	0	0	0	0	0	0	0	0	0	0	0	0	0	0	1	0	0	0	0	43	43	43	43	9/5/2022
S298b	d	no	no	WATER	1	0	0	1	1	1	1	1	1	0	0	0	0	0	0	0	0	0	0	0	0	0	0	0	0	0	0	0	0	0	0	0	0	0	1	0	0	0	0	43	43	43	43	9/5/2022
S301	S	no	no	ENVIRONMENT	0	1	0	1	1	1	1	1	1	0	0	0	0	0	0	0	0	0	0	0	0	0	0	0	0	0	0	0	0	0	0	0	0	1	0	0	0	0	0	42	42	42	42	9/5/2022
S303	S	Male	Dorsal	MD	0	1	0	1	1	1	1	657	1	0	0	0	0	0	0	0	0	0	0	0	0	0	0	0	0	0	0	0	0	0	0	0	0	1	0	0	0	0	0	42	42	42	42	9/5/2022
S313	S	no	no	CLW2	0	1	0	605	679	605	679	1	1	0	0	0	0	0	0	0	0	0	0	0	0	0	0	0	0	0	0	0	0	0	0	0	1	0	0	0	0	0	0	40	40	40	40	13/5/2022
S314	S	no	no	WATER	0	1	0	1	1	1	1	1	1	0	0	0	0	0	0	0	0	0	0	0	0	0	0	0	0	0	0	0	0	0	0	0	1	0	0	0	0	0	0	40	40	40	40	13/5/2022
S319a	d	no	no	CLW1	0	0	1	235	758	678	729	1	1	0	0	0	0	0	0	0	0	0	0	0	0	0	0	0	0	0	0	0	0	0	0	0	0	0	0	1	0	0	0	48	48	48	48	13/5/2022
S319b	d	no	no	CLW1	0	0	1	235	758	678	729	1	1	0	0	0	0	0	0	0	0	0	0	0	0	0	0	0	0	0	0	0	0	0	0	0	0	0	0	1	0	0	0	48	48	48	48	13/5/2022
S326a	d	no	no	CLW2	0	0	1	730	742	675	679	1	1	0	0	0	0	0	0	0	0	0	0	0	0	0	0	0	0	0	0	0	0	0	0	1	0	0	0	0	0	0	0	39	39	39	39	16/5/2022
S326b	d	no	no	CLW2	0	0	1	730	742	675	679	1	1	0	0	0	0	0	0	0	0	0	0	0	0	0	0	0	0	0	0	0	0	0	0	1	0	0	0	0	0	0	0	39	39	39	39	16/5/2022
S328a	d	no	no	TP	0	0	1	424	731	405	401	1	1	0	0	0	0	0	0	0	0	0	0	0	0	0	0	0	0	0	1	0	0	0	0	0	0	0	0	0	0	0	0	28	28	28	28	16/5/2022
S328b	d	no	no	TP	0	0	1	424	731	405	401	1	1	0	0	0	0	0	0	0	0	0	0	0	0	0	0	0	0	0	1	0	0	0	0	0	0	0	0	0	0	0	0	28	28	28	28	16/5/2022
S329	S	no	no	Controlseq	0	0	0	1	1	1	1	1	1	0	0	0	0	0	0	0	0	0	0	0	0	0	0	0	0	0	0	0	0	0	0	0	0	0	0	0	0	0	0	0	0	0	0	16/5/2022
S330a	d	no	no	CLW1	0	0	1	605	679	658	888	1	1	0	0	0	0	0	0	0	0	0	0	0	0	0	0	0	0	0	0	0	0	0	0	0	0	0	0	0	1	0	0	49	49	49	49	16/5/2022
S330b	d	no	no	CLW1	0	0	1	605	679	658	888	1	1	0	0	0	0	0	0	0	0	0	0	0	0	0	0	0	0	0	0	0	0	0	0	0	0	0	0	0	1	0	0	49	49	49	49	16/5/2022
S331	S	no	no	TP	1	0	0	675	679	675	679	1	1	0	0	0	0	0	0	0	0	0	0	0	0	0	0	0	0	0	0	0	1	0	0	0	0	0	0	0	0	0	0	34	34	34	34	16/5/2022
S332	S	no	no	TP	1	0	0	675	679	675	679	1	1	0	0	0	0	0	0	0	0	0	0	0	0	0	0	0	0	0	0	0	1	0	0	0	0	0	0	0	0	0	0	34	34	34	34	16/5/2022
S337a	d	no	no	CLW2	0	0	1	235	758	678	729	1	1	0	0	0	0	0	0	0	0	0	0	0	0	0	0	0	0	0	0	0	0	0	0	0	0	0	0	1	0	0	0	48	48	48	48	19/5/2022
S337b	d	no	no	CLW2	0	0	1	235	758	678	729	1	1	0	0	0	0	0	0	0	0	0	0	0	0	0	0	0	0	0	0	0	0	0	0	0	0	0	0	1	0	0	0	48	48	48	48	19/5/2022
S341	S	no	no	METAMORPH	1	0	0	715	650	715	650	1	1	0	0	0	0	1	0	0	0	0	0	0	0	0	0	0	0	0	0	0	0	0	0	0	0	0	0	0	0	0	0	5	5	5	5	19/5/2022
S343a	d	no	no	CLW2	0	0	1	605	679	658	888	1	1	0	0	0	0	0	0	0	0	0	0	0	0	0	0	0	0	0	0	0	0	0	0	0	0	0	0	0	1	0	0	49	49	49	49	23/5/2022
S343b	d	no	no	CLW2	0	0	1	605	679	658	888	1	1	0	0	0	0	0	0	0	0	0	0	0	0	0	0	0	0	0	0	0	0	0	0	0	0	0	0	0	1	0	0	49	49	49	49	23/5/2022
S345a	d	no	no	CLW1	0	1	0	657	661	657	661	1	1	0	0	0	0	0	0	0	0	0	0	0	0	0	0	0	0	0	0	0	0	0	0	0	0	1	0	0	0	0	0	42	42	42	42	23/5/2022
S345b	d	no	no	CLW1	0	1	0	657	661	657	661	1	1	0	0	0	0	0	0	0	0	0	0	0	0	0	0	0	0	0	0	0	0	0	0	0	0	1	0	0	0	0	0	42	42	42	42	23/5/2022
S346	S	no	no	TP	0	0	1	754	742	422	736	1	1	0	0	0	0	0	0	0	0	0	0	0	0	0	0	0	0	0	0	1	0	0	0	0	0	0	0	0	0	0	0	29	29	29	29	23/5/2022
S347	S	no	no	TP	0	0	1	754	742	422	736	1	1	0	0	0	0	0	0	0	0	0	0	0	0	0	0	0	0	0	0	1	0	0	0	0	0	0	0	0	0	0	0	29	29	29	29	23/5/2022
S348	S	no	no	TP	0	0	1	754	742	422	736	1	1	0	0	0	0	0	0	0	0	0	0	0	0	0	0	0	0	0	0	1	0	0	0	0	0	0	0	0	0	0	0	29	29	29	29	23/5/2022
S349	S	no	no	TP	0	0	1	754	742	422	736	1	1	0	0	0	0	0	0	0	0	0	0	0	0	0	0	0	0	0	0	1	0	0	0	0	0	0	0	0	0	0	0	29	29	29	29	23/5/2022
S350	S	no	no	TP	0	0	1	754	742	422	736	1	1	0	0	0	0	0	0	0	0	0	0	0	0	0	0	0	0	0	0	1	0	0	0	0	0	0	0	0	0	0	0	29	29	29	29	23/5/2022
S352	S	no	no	TP	1	0	0	684	685	684	685	1	1	0	0	0	0	0	0	0	0	0	0	0	0	0	0	0	0	0	0	0	0	0	0	0	0	0	1	0	0	0	0	43	43	43	43	24/5/2022
S353	S	no	no	TP	1	0	0	684	685	684	685	1	1	0	0	0	0	0	0	0	0	0	0	0	0	0	0	0	0	0	0	0	0	0	0	0	0	0	1	0	0	0	0	43	43	43	43	24/5/2022
S354a	d	no	no	TP	1	0	0	684	685	684	685	1	1	0	0	0	0	0	0	0	0	0	0	0	0	0	0	0	0	0	0	0	0	0	0	0	0	0	1	0	0	0	0	43	43	43	43	24/5/2022
S354b	d	no	no	TP	1	0	0	684	685	684	685	1	1	0	0	0	0	0	0	0	0	0	0	0	0	0	0	0	0	0	0	0	0	0	0	0	0	0	1	0	0	0	0	43	43	43	43	24/5/2022
S359a	d	no	no	METAMORPH	0	1	0	678	681	678	681	1	1	0	1	0	0	0	0	0	0	0	0	0	0	0	0	0	0	0	0	0	0	0	0	0	0	0	0	0	0	0	0	2	2	2	2	24/5/2022
S359b	d	no	no	METAMORPH	0	1	0	678	681	678	681	1	1	0	1	0	0	0	0	0	0	0	0	0	0	0	0	0	0	0	0	0	0	0	0	0	0	0	0	0	0	0	0	2	2	2	2	24/5/2022
S360	S	no	no	METAMORPH	0	0	1	620	642	605	610	1	1	0	0	1	0	0	0	0	0	0	0	0	0	0	0	0	0	0	0	0	0	0	0	0	0	0	0	0	0	0	0	3	3	3	3	24/5/2022
S361	S	no	no	METAMORPH	0	0	1	620	642	605	610	1	1	0	0	1	0	0	0	0	0	0	0	0	0	0	0	0	0	0	0	0	0	0	0	0	0	0	0	0	0	0	0	3	3	3	3	24/5/2022
S363	S	no	no	METAMORPH	0	0	1	247	250	620	642	1	1	0	0	0	1	0	0	0	0	0	0	0	0	0	0	0	0	0	0	0	0	0	0	0	0	0	0	0	0	0	0	4	4	4	4	24/5/2022
S364	S	no	no	METAMORPH	1	0	0	431	441	431	441	1	1	0	0	0	0	0	0	0	0	1	0	0	0	0	0	0	0	0	0	0	0	0	0	0	0	0	0	0	0	0	0	12	12	12	12	24/5/2022
S365	S	no	no	METAMORPH	1	0	0	431	441	431	441	1	1	0	0	0	0	0	0	0	0	1	0	0	0	0	0	0	0	0	0	0	0	0	0	0	0	0	0	0	0	0	0	12	12	12	12	24/5/2022
S366	S	no	no	METAMORPH	1	0	0	673	676	673	676	1	1	0	0	0	0	0	0	0	0	0	1	0	0	0	0	0	0	0	0	0	0	0	0	0	0	0	0	0	0	0	0	15	15	15	15	24/5/2022
S367	S	no	no	METAMORPH	1	0	0	673	676	673	676	1	1	0	0	0	0	0	0	0	0	0	1	0	0	0	0	0	0	0	0	0	0	0	0	0	0	0	0	0	0	0	0	15	15	15	15	24/5/2022
S368	S	no	no	METAMORPH	1	0	0	415	413	415	413	1	1	0	0	0	0	0	0	0	0	0	0	0	0	0	1	0	0	0	0	0	0	0	0	0	0	0	0	0	0	0	0	19	19	19	19	24/5/2022
S370a	d	no	no	METAMORPH	1	0	0	415	413	415	413	1	1	0	0	0	0	0	0	0	0	0	0	0	0	0	1	0	0	0	0	0	0	0	0	0	0	0	0	0	0	0	0	19	19	19	19	24/5/2022
S370b	d	no	no	METAMORPH	1	0	0	415	413	415	413	1	1	0	0	0	0	0	0	0	0	0	0	0	0	0	1	0	0	0	0	0	0	0	0	0	0	0	0	0	0	0	0	19	19	19	19	24/5/2022
S373	S	Male	Dorsal	MD	0	0	1	1	1	1	1	678	1	0	0	0	0	0	0	0	0	0	0	0	0	0	0	0	0	0	0	0	0	0	0	0	0	0	0	0	0	0	1	52	52	52	52	26/5/2022
S374	S	Male	Ventral	MV	0	0	1	1	1	1	1	678	1	0	0	0	0	0	0	0	0	0	0	0	0	0	0	0	0	0	0	0	0	0	0	0	0	0	0	0	0	0	1	52	52	52	52	26/5/2022
S375	S	Female	Dorsal	FD	0	0	1	1	1	1	1	1	999	0	0	0	0	0	0	0	0	0	0	0	0	0	0	0	0	0	0	0	0	0	0	0	0	0	0	0	0	0	1	52	52	52	52	26/5/2022
S376	S	Female	Ventral	FV	0	0	1	1	1	1	1	1	999	0	0	0	0	0	0	0	0	0	0	0	0	0	0	0	0	0	0	0	0	0	0	0	0	0	0	0	0	0	1	52	52	52	52	26/5/2022
S378	S	no	no	Controlseq	0	0	0	1	1	1	1	1	1	0	0	0	0	0	0	0	0	0	0	0	0	0	0	0	0	0	0	0	0	0	0	0	0	0	0	0	0	0	0	0	0	0	0	26/5/2022
S379a	d	no	no	CLW1	0	0	1	750	417	678	999	1	1	0	0	0	0	0	0	0	0	0	0	0	0	0	0	0	0	0	0	0	0	0	0	0	0	0	0	0	0	0	1	52	52	52	52	26/5/2022
S379b	d	no	no	CLW1	0	0	1	750	417	678	999	1	1	0	0	0	0	0	0	0	0	0	0	0	0	0	0	0	0	0	0	0	0	0	0	0	0	0	0	0	0	0	1	52	52	52	52	26/5/2022
S380a	d	no	no	CLW2	0	1	0	657	661	657	661	1	1	0	0	0	0	0	0	0	0	0	0	0	0	0	0	0	0	0	0	0	0	0	0	0	0	1	0	0	0	0	0	42	42	42	42	28/5/2022
S380b	d	no	no	CLW2	0	1	0	657	661	657	661	1	1	0	0	0	0	0	0	0	0	0	0	0	0	0	0	0	0	0	0	0	0	0	0	0	0	1	0	0	0	0	0	42	42	42	42	28/5/2022
S381	S	no	no	WATER	0	1	0	1	1	1	1	1	1	0	0	0	0	0	0	0	0	0	0	0	0	0	0	0	0	0	0	0	0	0	0	0	0	1	0	0	0	0	0	42	42	42	42	9/5/2022
S382	S	no	no	CLW2	0	0	1	657	661	602	777	1	1	0	0	0	0	0	0	0	0	0	0	0	0	0	0	0	0	0	0	0	0	0	0	0	0	0	0	0	0	1	0	50	50	50	50	no
S383	S	no	no	WATER	0	0	1	1	1	1	1	1	1	0	0	0	0	0	0	0	0	0	0	0	0	0	0	0	0	0	0	0	0	0	0	0	0	0	0	0	0	1	0	50	50	50	50	no
S384a	d	no	no	CLW2	0	0	1	750	417	678	999	1	1	0	0	0	0	0	0	0	0	0	0	0	0	0	0	0	0	0	0	0	0	0	0	0	0	0	0	0	0	0	1	52	52	52	52	1/6/2022
S384b	d	no	no	CLW2	0	0	1	750	417	678	999	1	1	0	0	0	0	0	0	0	0	0	0	0	0	0	0	0	0	0	0	0	0	0	0	0	0	0	0	0	0	0	1	52	52	52	52	1/6/2022
S385	S	no	no	WATER	0	0	1	1	1	1	1	1	1	0	0	0	0	0	0	0	0	0	0	0	0	0	0	0	0	0	0	0	0	0	0	0	0	0	0	0	0	0	1	52	52	52	52	no
S386	S	no	no	METAMORPH	1	0	0	715	650	715	650	1	1	0	0	0	0	1	0	0	0	0	0	0	0	0	0	0	0	0	0	0	0	0	0	0	0	0	0	0	0	0	0	5	5	5	5	no
S387	S	no	no	METAMORPH	0	0	1	620	642	605	610	1	1	0	0	1	0	0	0	0	0	0	0	0	0	0	0	0	0	0	0	0	0	0	0	0	0	0	0	0	0	0	0	3	3	3	3	no
S388a	d	no	no	METAMORPH	1	0	0	673	676	673	676	1	1	0	0	0	0	0	0	0	0	0	1	0	0	0	0	0	0	0	0	0	0	0	0	0	0	0	0	0	0	0	0	15	15	15	15	no
S388b	d	no	no	METAMORPH	1	0	0	673	676	673	676	1	1	0	0	0	0	0	0	0	0	0	1	0	0	0	0	0	0	0	0	0	0	0	0	0	0	0	0	0	0	0	0	15	15	15	15	no
S391	S	no	no	TP	0	1	0	658	663	658	663	1	1	0	0	0	0	0	0	0	0	0	0	0	0	0	0	0	0	0	0	0	0	1	0	0	0	0	0	0	0	0	0	35	35	35	35	no
S392	S	no	no	TP	0	1	0	658	663	658	663	1	1	0	0	0	0	0	0	0	0	0	0	0	0	0	0	0	0	0	0	0	0	1	0	0	0	0	0	0	0	0	0	35	35	35	35	no
S393	S	no	no	TP	0	1	0	658	663	658	663	1	1	0	0	0	0	0	0	0	0	0	0	0	0	0	0	0	0	0	0	0	0	1	0	0	0	0	0	0	0	0	0	35	35	35	35	no
S394	S	no	no	TP	0	1	0	658	663	658	663	1	1	0	0	0	0	0	0	0	0	0	0	0	0	0	0	0	0	0	0	0	0	1	0	0	0	0	0	0	0	0	0	35	35	35	35	no
S396	S	no	no	TP	0	1	0	605	679	605	679	1	1	0	0	0	0	0	0	0	0	0	0	0	0	0	0	0	0	0	0	0	0	0	0	0	1	0	0	0	0	0	0	40	40	40	40	1/6/2022
S397	S	no	no	TP	0	1	0	605	679	605	679	1	1	0	0	0	0	0	0	0	0	0	0	0	0	0	0	0	0	0	0	0	0	0	0	0	1	0	0	0	0	0	0	40	40	40	40	1/6/2022
S398	S	no	no	TP	0	1	0	605	679	605	679	1	1	0	0	0	0	0	0	0	0	0	0	0	0	0	0	0	0	0	0	0	0	0	0	0	1	0	0	0	0	0	0	40	40	40	40	1/6/2022
S399	S	no	no	TP	0	1	0	605	679	605	679	1	1	0	0	0	0	0	0	0	0	0	0	0	0	0	0	0	0	0	0	0	0	0	0	0	1	0	0	0	0	0	0	40	40	40	40	1/6/2022
S400	S	no	no	TP	0	1	0	605	679	605	679	1	1	0	0	0	0	0	0	0	0	0	0	0	0	0	0	0	0	0	0	0	0	0	0	0	1	0	0	0	0	0	0	40	40	40	40	1/6/2022
S402a	d	no	no	METAMORPH	0	1	0	422	410	422	410	1	1	0	0	0	0	0	1	0	0	0	0	0	0	0	0	0	0	0	0	0	0	0	0	0	0	0	0	0	0	0	0	6	6	6	6	7/6/2022
S402b	d	no	no	METAMORPH	0	1	0	422	410	422	410	1	1	0	0	0	0	0	1	0	0	0	0	0	0	0	0	0	0	0	0	0	0	0	0	0	0	0	0	0	0	0	0	6	6	6	6	7/6/2022
S403	S	no	no	METAMORPH	1	0	0	431	441	431	441	1	1	0	0	0	0	0	0	0	0	1	0	0	0	0	0	0	0	0	0	0	0	0	0	0	0	0	0	0	0	0	0	12	12	12	12	6/6/2022
S404	S	no	no	METAMORPH	1	0	0	678	681	678	681	1	1	1	0	0	0	0	0	0	0	0	0	0	0	0	0	0	0	0	0	0	0	0	0	0	0	0	0	0	0	0	0	1	1	1	1	7/6/2022
S405a	d	no	no	METAMORPH	1	0	0	678	681	678	681	1	1	1	0	0	0	0	0	0	0	0	0	0	0	0	0	0	0	0	0	0	0	0	0	0	0	0	0	0	0	0	0	1	1	1	1	7/6/2022
S405b	d	no	no	METAMORPH	1	0	0	678	681	678	681	1	1	1	0	0	0	0	0	0	0	0	0	0	0	0	0	0	0	0	0	0	0	0	0	0	0	0	0	0	0	0	0	1	1	1	1	7/6/2022
S408	S	no	no	METAMORPH	0	1	0	678	681	678	681	1	1	0	1	0	0	0	0	0	0	0	0	0	0	0	0	0	0	0	0	0	0	0	0	0	0	0	0	0	0	0	0	2	2	2	2	7/6/2022
S412	S	no	no	METAMORPH	0	1	0	422	410	422	410	1	1	0	0	0	0	0	1	0	0	0	0	0	0	0	0	0	0	0	0	0	0	0	0	0	0	0	0	0	0	0	0	6	6	6	6	7/6/2022
S413	S	no	no	METAMORPH	0	1	0	422	410	422	410	1	1	0	0	0	0	0	1	0	0	0	0	0	0	0	0	0	0	0	0	0	0	0	0	0	0	0	0	0	0	0	0	6	6	6	6	7/6/2022
S414a	d	no	no	METAMORPH	1	0	0	424	501	424	501	1	1	0	0	0	0	0	0	1	0	0	0	0	0	0	0	0	0	0	0	0	0	0	0	0	0	0	0	0	0	0	0	9	9	9	9	7/6/2022
S414b	d	no	no	METAMORPH	1	0	0	424	501	424	501	1	1	0	0	0	0	0	0	1	0	0	0	0	0	0	0	0	0	0	0	0	0	0	0	0	0	0	0	0	0	0	0	9	9	9	9	7/6/2022
S415a	d	no	no	METAMORPH	0	1	0	424	501	424	501	1	1	0	0	0	0	0	0	0	1	0	0	0	0	0	0	0	0	0	0	0	0	0	0	0	0	0	0	0	0	0	0	10	10	10	10	7/6/2022
S415b	d	no	no	METAMORPH	0	1	0	424	501	424	501	1	1	0	0	0	0	0	0	0	1	0	0	0	0	0	0	0	0	0	0	0	0	0	0	0	0	0	0	0	0	0	0	10	10	10	10	7/6/2022
S416	S	no	no	METAMORPH	0	1	0	424	501	424	501	1	1	0	0	0	0	0	0	0	1	0	0	0	0	0	0	0	0	0	0	0	0	0	0	0	0	0	0	0	0	0	0	10	10	10	10	7/6/2022
S417	S	no	no	METAMORPH	0	1	0	424	501	424	501	1	1	0	0	0	0	0	0	0	1	0	0	0	0	0	0	0	0	0	0	0	0	0	0	0	0	0	0	0	0	0	0	10	10	10	10	7/6/2022
S418	S	no	no	METAMORPH	0	1	0	424	501	424	501	1	1	0	0	0	0	0	0	0	1	0	0	0	0	0	0	0	0	0	0	0	0	0	0	0	0	0	0	0	0	0	0	10	10	10	10	7/6/2022
S423a	d	no	no	METAMORPH	0	1	0	682	689	682	689	1	1	0	0	0	0	0	0	0	0	0	0	1	0	0	0	0	0	0	0	0	0	0	0	0	0	0	0	0	0	0	0	16	16	16	16	no
S423b	d	no	no	METAMORPH	0	1	0	682	689	682	689	1	1	0	0	0	0	0	0	0	0	0	0	1	0	0	0	0	0	0	0	0	0	0	0	0	0	0	0	0	0	0	0	16	16	16	16	no
S425	S	no	no	METAMORPH	0	1	0	682	689	682	689	1	1	0	0	0	0	0	0	0	0	0	0	0	1	0	0	0	0	0	0	0	0	0	0	0	0	0	0	0	0	0	0	17	17	17	17	no
S426a	d	no	no	METAMORPH	0	1	0	682	689	682	689	1	1	0	0	0	0	0	0	0	0	0	0	0	1	0	0	0	0	0	0	0	0	0	0	0	0	0	0	0	0	0	0	17	17	17	17	no
S426b	d	no	no	METAMORPH	0	1	0	682	689	682	689	1	1	0	0	0	0	0	0	0	0	0	0	0	1	0	0	0	0	0	0	0	0	0	0	0	0	0	0	0	0	0	0	17	17	17	17	no
S427	S	no	no	METAMORPH	0	1	0	682	689	682	689	1	1	0	0	0	0	0	0	0	0	0	0	0	1	0	0	0	0	0	0	0	0	0	0	0	0	0	0	0	0	0	0	17	17	17	17	no
S429a	d	no	no	METAMORPH	0	1	0	507	717	507	717	1	1	0	0	0	0	0	0	0	0	0	0	0	0	1	0	0	0	0	0	0	0	0	0	0	0	0	0	0	0	0	0	18	18	18	18	7/6/2022
S429b	d	no	no	METAMORPH	0	1	0	507	717	507	717	1	1	0	0	0	0	0	0	0	0	0	0	0	0	1	0	0	0	0	0	0	0	0	0	0	0	0	0	0	0	0	0	18	18	18	18	7/6/2022
S432	S	no	no	METAMORPH	0	0	1	235	731	730	736	1	1	0	0	0	0	0	0	0	0	0	0	0	0	0	0	1	0	0	0	0	0	0	0	0	0	0	0	0	0	0	0	23	23	23	23	7/6/2022
S433a	d	no	no	METAMORPH	0	0	1	235	731	730	736	1	1	0	0	0	0	0	0	0	0	0	0	0	0	0	0	1	0	0	0	0	0	0	0	0	0	0	0	0	0	0	0	23	23	23	23	7/6/2022
S433b	d	no	no	METAMORPH	0	0	1	235	731	730	736	1	1	0	0	0	0	0	0	0	0	0	0	0	0	0	0	1	0	0	0	0	0	0	0	0	0	0	0	0	0	0	0	23	23	23	23	7/6/2022
S438	S	no	no	METAMORPH	1	0	0	675	679	675	679	1	1	0	0	0	0	0	0	0	0	0	0	0	0	0	0	0	0	0	0	0	1	0	0	0	0	0	0	0	0	0	0	34	34	34	34	7/6/2022
S439	S	no	no	METAMORPH	0	0	1	621	730	715	741	1	1	0	0	0	0	0	0	0	0	0	0	0	0	0	0	0	0	1	0	0	0	0	0	0	0	0	0	0	0	0	0	26	26	26	26	7/6/2022
S440	S	no	no	METAMORPH	0	0	1	621	730	715	741	1	1	0	0	0	0	0	0	0	0	0	0	0	0	0	0	0	0	1	0	0	0	0	0	0	0	0	0	0	0	0	0	26	26	26	26	7/6/2022
S441	S	no	no	TP	0	0	1	235	758	678	729	1	1	0	0	0	0	0	0	0	0	0	0	0	0	0	0	0	0	0	0	0	0	0	0	0	0	0	0	1	0	0	0	48	48	48	48	13/6/2022
S442	S	no	no	TP	0	1	0	657	661	657	661	1	1	0	0	0	0	0	0	0	0	0	0	0	0	0	0	0	0	0	0	0	0	0	0	0	0	1	0	0	0	0	0	42	42	42	42	no
S443	S	no	no	TP	0	1	0	657	661	657	661	1	1	0	0	0	0	0	0	0	0	0	0	0	0	0	0	0	0	0	0	0	0	0	0	0	0	1	0	0	0	0	0	42	42	42	42	no
S444	S	no	no	TP	0	1	0	657	661	657	661	1	1	0	0	0	0	0	0	0	0	0	0	0	0	0	0	0	0	0	0	0	0	0	0	0	0	1	0	0	0	0	0	42	42	42	42	no
S445	S	no	no	TP	0	1	0	657	661	657	661	1	1	0	0	0	0	0	0	0	0	0	0	0	0	0	0	0	0	0	0	0	0	0	0	0	0	1	0	0	0	0	0	42	42	42	42	no
S447	S	no	no	TP	0	0	1	605	679	658	888	1	1	0	0	0	0	0	0	0	0	0	0	0	0	0	0	0	0	0	0	0	0	0	0	0	0	0	0	0	1	0	0	49	49	49	49	13/6/2022
S448	S	no	no	TP	0	0	1	605	679	658	888	1	1	0	0	0	0	0	0	0	0	0	0	0	0	0	0	0	0	0	0	0	0	0	0	0	0	0	0	0	1	0	0	49	49	49	49	13/6/2022
S450	S	no	no	TP	0	0	1	605	679	658	888	1	1	0	0	0	0	0	0	0	0	0	0	0	0	0	0	0	0	0	0	0	0	0	0	0	0	0	0	0	1	0	0	49	49	49	49	26/7/2022
S453	S	no	no	METAMORPH	0	0	1	424	731	405	401	1	1	0	0	0	0	0	0	0	0	0	0	0	0	0	0	0	0	0	1	0	0	0	0	0	0	0	0	0	0	0	0	28	28	28	28	no
S454	S	no	no	TP	0	0	1	730	742	675	679	1	1	0	0	0	0	0	0	0	0	0	0	0	0	0	0	0	0	0	0	0	0	0	0	1	0	0	0	0	0	0	0	39	39	39	39	16/6/2022
S455	S	no	no	TP	0	0	1	730	742	675	679	1	1	0	0	0	0	0	0	0	0	0	0	0	0	0	0	0	0	0	0	0	0	0	0	1	0	0	0	0	0	0	0	39	39	39	39	16/6/2022
S458a	d	no	no	TP	1	0	0	682	742	682	742	1	1	0	0	0	0	0	0	0	0	0	0	0	0	0	0	0	0	0	0	0	0	0	1	0	0	0	0	0	0	0	0	37	37	37	37	23/6/2022
S458b	d	no	no	TP	1	0	0	682	742	682	742	1	1	0	0	0	0	0	0	0	0	0	0	0	0	0	0	0	0	0	0	0	0	0	1	0	0	0	0	0	0	0	0	37	37	37	37	23/6/2022
S459a	d	no	no	TP	1	0	0	682	742	682	742	1	1	0	0	0	0	0	0	0	0	0	0	0	0	0	0	0	0	0	0	0	0	0	1	0	0	0	0	0	0	0	0	37	37	37	37	23/6/2022
S459b	d	no	no	TP	1	0	0	682	742	682	742	1	1	0	0	0	0	0	0	0	0	0	0	0	0	0	0	0	0	0	0	0	0	0	1	0	0	0	0	0	0	0	0	37	37	37	37	23/6/2022
S461a	d	no	no	TP	1	0	0	682	742	682	742	1	1	0	0	0	0	0	0	0	0	0	0	0	0	0	0	0	0	0	0	0	0	0	1	0	0	0	0	0	0	0	0	37	37	37	37	23/6/2022
S461b	d	no	no	TP	1	0	0	682	742	682	742	1	1	0	0	0	0	0	0	0	0	0	0	0	0	0	0	0	0	0	0	0	0	0	1	0	0	0	0	0	0	0	0	37	37	37	37	23/6/2022
S463	S	no	no	TP	0	0	1	750	417	678	999	1	1	0	0	0	0	0	0	0	0	0	0	0	0	0	0	0	0	0	0	0	0	0	0	0	0	0	0	0	0	0	1	52	52	52	52	no
S464a	d	no	no	TP	0	0	1	750	417	678	999	1	1	0	0	0	0	0	0	0	0	0	0	0	0	0	0	0	0	0	0	0	0	0	0	0	0	0	0	0	0	0	1	52	52	52	52	no
S464b	d	no	no	TP	0	0	1	750	417	678	999	1	1	0	0	0	0	0	0	0	0	0	0	0	0	0	0	0	0	0	0	0	0	0	0	0	0	0	0	0	0	0	1	52	52	52	52	no
S467	S	no	no	METAMORPH	1	0	0	684	685	684	685	1	1	0	0	0	0	0	0	0	0	0	0	0	0	0	0	0	0	0	0	0	0	0	0	0	0	0	1	0	0	0	0	43	43	43	43	27/6/2022
S468	S	no	no	METAMORPH	0	1	0	605	679	605	679	1	1	0	0	0	0	0	0	0	0	0	0	0	0	0	0	0	0	0	0	0	0	0	0	0	1	0	0	0	0	0	0	40	40	40	40	27/6/2022
S469	S	no	no	METAMORPH	0	1	0	605	679	605	679	1	1	0	0	0	0	0	0	0	0	0	0	0	0	0	0	0	0	0	0	0	0	0	0	0	1	0	0	0	0	0	0	40	40	40	40	27/6/2022
S472a	d	no	no	METAMORPH	1	0	0	684	685	684	685	1	1	0	0	0	0	0	0	0	0	0	0	0	0	0	0	0	0	0	0	0	0	0	0	0	0	0	1	0	0	0	0	43	43	43	43	27/6/2022
S472b	d	no	no	METAMORPH	1	0	0	684	685	684	685	1	1	0	0	0	0	0	0	0	0	0	0	0	0	0	0	0	0	0	0	0	0	0	0	0	0	0	1	0	0	0	0	43	43	43	43	27/6/2022
S473a	d	no	no	METAMORPH	0	0	1	235	758	678	729	1	1	0	0	0	0	0	0	0	0	0	0	0	0	0	0	0	0	0	0	0	0	0	0	0	0	0	0	1	0	0	0	48	48	48	48	27/6/2022
S473b	d	no	no	METAMORPH	0	0	1	235	758	678	729	1	1	0	0	0	0	0	0	0	0	0	0	0	0	0	0	0	0	0	0	0	0	0	0	0	0	0	0	1	0	0	0	48	48	48	48	27/6/2022
S474	S	no	no	METAMORPH	0	1	0	658	663	658	663	1	1	0	0	0	0	0	0	0	0	0	0	0	0	0	0	0	0	0	0	0	0	1	0	0	0	0	0	0	0	0	0	35	35	35	35	no
S475	S	no	no	METAMORPH	0	1	0	657	661	657	661	1	1	0	0	0	0	0	0	0	0	0	0	0	0	0	0	0	0	0	0	0	0	0	0	0	0	1	0	0	0	0	0	42	42	42	42	30/6/2022
S476	S	no	no	METAMORPH	0	1	0	657	661	657	661	1	1	0	0	0	0	0	0	0	0	0	0	0	0	0	0	0	0	0	0	0	0	0	0	0	0	1	0	0	0	0	0	42	42	42	42	30/6/2022
S477a	d	no	no	TP	0	0	1	657	661	602	777	1	1	0	0	0	0	0	0	0	0	0	0	0	0	0	0	0	0	0	0	0	0	0	0	0	0	0	0	0	0	1	0	50	50	50	50	no
S477b	d	no	no	TP	0	0	1	657	661	602	777	1	1	0	0	0	0	0	0	0	0	0	0	0	0	0	0	0	0	0	0	0	0	0	0	0	0	0	0	0	0	1	0	50	50	50	50	no
S478	S	no	no	METAMORPH	0	0	1	754	742	422	736	1	1	0	0	0	0	0	0	0	0	0	0	0	0	0	0	0	0	0	0	1	0	0	0	0	0	0	0	0	0	0	0	29	29	29	29	no
S482	S	no	no	METAMORPH	0	0	1	730	742	675	679	1	1	0	0	0	0	0	0	0	0	0	0	0	0	0	0	0	0	0	0	0	0	0	0	1	0	0	0	0	0	0	0	39	39	39	39	9/7/2022
S486a	d	no	no	METAMORPH	1	0	0	682	742	682	742	1	1	0	0	0	0	0	0	0	0	0	0	0	0	0	0	0	0	0	0	0	0	0	1	0	0	0	0	0	0	0	0	37	37	37	37	13/7/2022
S486b	d	no	no	METAMORPH	1	0	0	682	742	682	742	1	1	0	0	0	0	0	0	0	0	0	0	0	0	0	0	0	0	0	0	0	0	0	1	0	0	0	0	0	0	0	0	37	37	37	37	no
S494	S	no	no	METAMORPH	0	0	1	754	742	422	736	1	1	0	0	0	0	0	0	0	0	0	0	0	0	0	0	0	0	0	0	1	0	0	0	0	0	0	0	0	0	0	0	29	29	29	29	no
S496	S	no	no	METAMORPH	0	0	1	754	742	422	736	1	1	0	0	0	0	0	0	0	0	0	0	0	0	0	0	0	0	0	0	1	0	0	0	0	0	0	0	0	0	0	0	29	29	29	29	no
S497	S	no	no	METAMORPH	0	1	0	658	663	658	663	1	1	0	0	0	0	0	0	0	0	0	0	0	0	0	0	0	0	0	0	0	0	1	0	0	0	0	0	0	0	0	0	35	35	35	35	no
S498	S	no	no	METAMORPH	0	1	0	658	663	658	663	1	1	0	0	0	0	0	0	0	0	0	0	0	0	0	0	0	0	0	0	0	0	1	0	0	0	0	0	0	0	0	0	35	35	35	35	no
S500	S	no	no	METAMORPH	0	0	1	754	742	422	736	1	1	0	0	0	0	0	0	0	0	0	0	0	0	0	0	0	0	0	0	1	0	0	0	0	0	0	0	0	0	0	0	29	29	29	29	22/7/2022
S501	S	no	no	METAMORPH	0	0	1	605	679	658	888	1	1	0	0	0	0	0	0	0	0	0	0	0	0	0	0	0	0	0	0	0	0	0	0	0	0	0	0	0	1	0	0	49	49	49	49	no
S502	S	no	no	METAMORPH	0	1	0	658	663	658	663	1	1	0	0	0	0	0	0	0	0	0	0	0	0	0	0	0	0	0	0	0	0	1	0	0	0	0	0	0	0	0	0	35	35	35	35	no
S503a	d	no	no	METAMORPH	0	0	1	657	661	602	777	1	1	0	0	0	0	0	0	0	0	0	0	0	0	0	0	0	0	0	0	0	0	0	0	0	0	0	0	0	0	1	0	50	50	50	50	no
S503b	d	no	no	METAMORPH	0	0	1	657	661	602	777	1	1	0	0	0	0	0	0	0	0	0	0	0	0	0	0	0	0	0	0	0	0	0	0	0	0	0	0	0	0	1	0	50	50	50	50	no
S504	S	no	no	METAMORPH	0	0	1	750	417	678	999	1	1	0	0	0	0	0	0	0	0	0	0	0	0	0	0	0	0	0	0	0	0	0	0	0	0	0	0	0	0	0	1	52	52	52	52	no
S505a	d	no	no	METAMORPH	0	0	1	605	679	658	888	1	1	0	0	0	0	0	0	0	0	0	0	0	0	0	0	0	0	0	0	0	0	0	0	0	0	0	0	0	1	0	0	49	49	49	49	14/7/2022
S505b	d	no	no	METAMORPH	0	0	1	605	679	658	888	1	1	0	0	0	0	0	0	0	0	0	0	0	0	0	0	0	0	0	0	0	0	0	0	0	0	0	0	0	1	0	0	49	49	49	49	14/7/2022
S506	S	no	no	AIR	0	0	0	1	1	1	1	1	1	0	0	0	0	0	0	0	0	0	0	0	0	0	0	0	0	0	0	0	0	0	0	0	0	0	0	0	0	0	0	0	0	0	0	18/7/2022
S508	S	no	no	METAMORPH	0	1	0	657	661	657	661	1	1	0	0	0	0	0	0	0	0	0	0	0	0	0	0	0	0	0	0	0	0	0	0	0	0	1	0	0	0	0	0	42	42	42	42	14/7/2022
